85983
85996
86019
86004
85995
85933
85942
85948
85933
85941
85924
85951
85972
85973
85982
85963
85957
85955
85960
86028
86027
86026
86023
86035
86022
86033
86046
86063
86066
86069
86071
86073
86061
86029
86078
86011
85998
85994
85965
85963
85948
85954
85961
85952
85949
85914
85929
85905
85944
85919
85923
85914
85934
85918
85936
85950
85981
85973
85981
85978
85992
85998
86013
86012
86048
86021
86043
86071
86064
86080
86088
86071
86072
86052
86047
86031
86023
86013
85974
85975
85954
85922
85936
85918
85911
85900
85920
85903
85911
85900
85902
85882
85877
85910
85935
85913
85927
85928
85976
85948
85943
85940
85978
86018
85985
85996
85996
85998
85966
85950
85936
85924
85928
85899
85902
85894
85885
85872
85877
85875
85875
85845
85848
85850
85830
85838
85844
85840
85830
85861
85849
85874
85880
85864
85876
85888
85886
85884
85880
85864
85896
85921
85888
85888
85870
85870
85878
85857
85803
85815
85799
85787
85821
85801
85787
85781
85772
85763
85761
85753
85765
85751
85739
85738
85717
85731
85721
85746
85764
85799
85772
85770
85777
85779
85800
85792
85818
85820
85801
85797
85779
85759
85735
85740
85733
85683
85652
85663
85675
85660
85652
85644
85619
85626
85612
85591
85606
85605
85595
85584
85596
85610
85612
85611
85619
85626
85628
85625
85620
85630
85638
85647
85685
85677
85665
85663
85645
85632
85603
85596
85582
85586
85569
85538
85518
85509
85510
85498
85500
85437
85472
85470
85505
85510
85520
85496
85493
85513
85516
85537
85536
85525
85525
85523
85498
85555
85564
85565
85565
85587
85595
85595
85602
85597
85586
85554
85549
85522
85511
85442
85479
85468
85458
85447
85430
85422
85416
85427
85415
85415
85424
85415
85422
85448
85359
85460
85461
85473
85469
85493
85489
85499
85527
85529
85538
85535
85580
85563
85593
85501
85599
85587
85608
85581
85550
85544
85534
85523
85503
85490
85491
85457
85425
85418
85298
85378
85356
85361
85355
85366
85374
85371
85359
85360
85365
85374
85377
85367
85382
85281
85425
85420
85446
85435
85448
85465
85485
85475
85511
85509
85506
85537
85537
85560
85478
85580
85584
85617
85583
85565
85565
85566
85539
85512
85535
85515
85510
85478
85462
85422
85469
85475
85493
85450
85477
85483
85478
85509
85497
85495
85496
85530
85534
85546
85464
85550
85570
85576
85600
85617
85621
85613
85643
85662
85673
85690
85690
85701
85751
85709
85743
85742
85745
85764
85750
85739
85717
85695
85678
85676
85654
85665
85656
85649
85588
85614
85610
85623
85624
85636
85635
85630
85622
85617
85617
85631
85651
85637
85665
85631
85682
85699
85726
85722
85700
85706
85713
85751
85756
85755
85781
85778
85782
85827
85801
85792
85775
85759
85727
85705
85736
85731
85743
85744
85730
85722
85720
85710
85753
85702
85735
85736
85735
85725
85739
85731
85748
85763
85749
85767
85758
85772
85783
85824
85808
85811
85837
85839
85851
85857
85869
85878
85875
85864
85879
85898
85873
85887
85932
85869
85868
85864
85818
85806
85826
85824
85829
85826
85832
85835
85821
85826
85830
85886
85845
85887
85875
85890
85879
85884
85895
85903
85907
85898
85906
85924
85948
85976
86040
86002
86024
86017
86033
86020
86020
85988
85983
85963
85947
85919
85908
85898
85890
85918
85875
85864
85850
85867
85860
85889
85884
85889
85865
85864
85887
85892
85906
85909
85880
85890
85908
85920
85911
85929
85938
85950
85977
85972
85977
85981
86005
86019
86027
86061
86038
85994
85989
85969
85987
85964
85952
85939
85898
85925
85885
85841
85863
85855
85849
85851
85819
85837
85823
85821
85819
85838
85814
85828
85857
85861
85855
85860
85874
85881
85892
85885
85896
85908
85922
85910
85918
85931
85954
85960
85959
85979
85990
85983
85986
85955
85937
85919
85891
85919
85891
85874
85842
85825
85838
85804
85815
85792
85790
85808
85784
85773
85779
85769
85757
85728
85779
85760
85791
85803
85800
85786
85801
85801
85811
85839
85830
85828
85821
85856
85826
85834
85846
85821
85813
85792
85786
85751
85722
85674
85675
85671
85669
85658
85636
85634
85624
85623
85610
85605
85617
85565
85575
85547
85514
85596
85610
85611
85618
85605
85621
85649
85640
85639
85635
85632
85667
85679
85678
85660
85687
85679
85668
85642
85651
85611
85594
85576
85571
85529
85527
85550
85538
85532
85443
85452
85433
85444
85481
85503
85462
85465
85428
85430
85454
85459
85464
85456
85460
85384
85442
85446
85460
85439
85484
85497
85499
85484
85510
85488
85524
85547
85542
85519
85389
85467
85468
85431
85411
85387
85391
85365
85352
85322
85307
85302
85283
85282
85289
85172
85296
85272
85277
85253
85272
85269
85259
85282
85289
85306
85312
85325
85348
85339
85215
85363
85361
85355
85328
85317
85320
85310
85291
85260
