96095
96070
96041
96050
96034
96035
95983
96020
95952
95968
96001
96005
96014
96041
96051
96097
96103
96184
96186
96191
96184
96200
96218
96233
96251
96277
96277
96272
96196
96016
95932
95808
95772
95718
95711
95703
95715
95722
95686
95702
95733
95761
95757
95754
95698
95693
95758
95776
95790
95793
95812
95842
95856
95875
95877
95894
95901
95935
95892
96001
96030
96042
96041
96043
96052
96073
96099
96125
96159
96119
95951
95805
95657
95593
95547
95505
95516
95537
95525
95507
95488
95442
95426
95357
95372
95330
95314
95312
95301
95301
95320
95338
95374
95392
95411
95417
95433
95445
95440
95468
95471
95488
95490
95531
95502
95503
95554
95573
95602
95527
95399
95261
95166
95102
95057
95062
95076
95048
95073
95085
95127
95122
95134
95151
95134
95124
95160
95134
95125
95147
95195
95199
95244
95316
95311
95357
95378
95449
95463
95451
95489
95508
95552
95576
95590
95618
95594
95680
95706
95739
95645
95523
95340
95233
95156
95118
95112
95124
95153
95139
95133
95132
95131
95144
95157
95158
95169
95179
95153
95182
95173
95199
95222
95242
95290
95338
95331
95371
95395
95417
95420
95488
95488
95477
95449
95518
95536
95575
95614
95644
95638
95545
95435
95343
95245
95165
95103
95086
95081
95071
95075
95054
95047
95043
95073
95066
95075
95036
95000
94923
94999
95013
95061
95093
95114
95125
95170
95173
95257
95320
95354
95371
95353
95348
95332
95382
95430
95470
95515
95533
95563
95591
95572
95444
95283
94976
94907
94896
94909
94957
95033
95035
95033
95032
95014
94984
94955
94937
94952
94976
94978
95012
95029
95020
95058
95076
95090
95096
95149
95240
95204
95206
95224
95211
95247
95258
95290
95315
95356
95380
95443
95469
95412
95254
95108
94999
94932
94911
94921
94919
94924
94939
94985
94991
95055
95032
95020
95003
95024
95004
95002
95047
95078
95104
95131
95178
95210
95235
95266
95266
95297
95357
95406
95442
95461
95451
95456
95462
95492
95546
95523
95591
95597
95497
95342
95202
95102
95009
94984
95026
95070
95070
95086
95111
95085
95103
95106
95093
95100
95113
95122
95137
95160
95170
95182
95153
95296
95353
95401
95456
95474
95509
95505
95512
95509
95541
95533
95523
95564
95616
95666
95695
95720
95720
95749
95774
95749
95683
95523
95385
95280
95193
95149
95150
95163
95145
95110
95107
95123
95148
95152
95162
95136
95118
95111
95104
95143
95156
95178
95182
95222
95267
95302
95370
95380
95458
95426
95438
95448
95455
95491
95489
95525
95565
95576
95585
95613
95639
95683
95601
95469
95314
95182
95110
95053
95048
95031
95022
95018
95014
95036
95065
95036
95038
95035
95045
95070
95070
95083
95121
95127
95153
95172
95225
95245
95269
95292
95321
95331
95325
95354
95386
95400
95441
95454
95463
95492
95492
95380
95264
95134
95077
95061
95042
95068
95095
95099
95111
95127
95135
95162
95159
95118
95117
95128
95138
95143
95185
95189
95220
95239
95234
95314
95341
95380
95431
95440
95452
95472
95486
95489
95508
95500
95543
95569
95626
95640
95618
95558
95426
95305
95199
95154
95121
95151
95185
95176
95150
95159
95140
95164
95149
95142
95125
95102
95090
95091
95070
95069
95093
95114
95148
95223
95271
95364
95381
95311
95310
95273
95309
95326
95359
95349
95352
95340
95383
95426
95426
95345
95208
95050
94931
94834
94777
94755
94760
94744
94762
94736
94730
94764
94748
94699
94679
94633
94619
94687
94690
94719
94756
94766
94825
94880
94905
94910
94931
94940
94965
94986
95025
95015
95055
95004
95018
95033
95080
95095
95140
95174
95160
95047
94930
94733
94603
94583
94573
94584
94581
94557
94541
94531
94560
94578
94571
94558
94505
94533
94528
94551
94569
94574
94614
94657
94691
94744
94795
94806
94760
94886
94885
94902
94909
94936
94965
95002
95025
95065
95064
95068
95092
95113
95098
94987
94848
94697
94578
94488
94451
94476
94459
94467
94464
94435
94478
94509
94521
94518
94547
94547
94573
94572
94593
94607
94646
94696
94725
94763
94798
94828
94852
94897
94907
94945
94935
94968
94989
95010
95070
95099
95131
95136
95205
95246
95257
95261
95158
95067
94931
94799
94735
94714
94714
94739
94729
94704
94698
94744
94795
94817
94831
94802
94779
94819
94794
94822
94858
94879
94926
94953
94992
95015
95045
95102
95112
95138
95150
95148
95169
95192
95210
95255
95267
95302
95329
95359
95386
95353
95209
95018
94852
94799
94808
94845
94861
94848
94803
94757
94791
94802
94870
94884
94896
94885
94886
94856
94880
94918
94958
94991
95018
95073
95126
95177
95143
95222
95262
95296
95297
95324
95365
95404
95430
95469
95477
95497
95548
95581
95563
95442
95306
95180
95122
95094
95103
95123
95126
95128
95097
95021
95036
95048
95105
95090
95065
95032
95031
95043
95047
95073
95114
95133
95171
95210
95242
95268
95268
95255
95269
95264
95256
95290
95325
95378
95437
95394
95422
95434
95443
95473
95497
95543
95482
95373
95273
95149
95112
95102
95067
95045
95052
95060
95060
95057
95059
95082
95091
95116
95103
95156
95109
95138
95188
95259
95333
95399
95420
95430
95477
95528
95608
95647
95625
95643
95643
95673
95687
95688
95716
95690
95699
95708
95749
95775
95832
95683
95552
95497
95403
95411
95401
95414
95424
95430
95436
95421
95390
95382
95381
95383
95398
95372
95357
95376
95384
95425
95441
95481
95530
95596
95584
95736
95716
95726
95716
95715
95714
95710
95709
95733
95697
95718
95731
95735
95772
95775
95743
95663
95569
95488
95423
95385
95404
95439
95444
95367
95429
95456
95461
95487
95500
95487
95448
95425
95427
95425
95460
95521
95564
95609
95631
95643
95679
95692
95701
95707
95715
95733
95712
95718
95705
95776
95785
95787
95851
95877
95870
95792
95647
95527
95434
95414
95426
95461
95521
95517
95518
95535
95528
95506
95467
95467
95475
95508
95511
95503
95472
95518
95561
95596
95625
95659
95710
95712
95729
95733
95730
95694
95701
95743
95754
95796
95827
95857
95879
95897
95960
95969
95989
95932
95898
95659
95602
95597
95607
95595
95614
