108875
108884
108908
108893
108890
108872
108896
108883
108900
108891
108909
108961
108900
108936
108938
108886
108839
108785
108786
108784
108761
108776
108759
108740
108721
108720
108805
108754
108772
108778
108795
108785
108806
108791
108841
108819
108824
108848
108844
108895
108880
108919
108878
108916
108945
108949
108946
108948
108983
109007
108973
108985
108958
108913
108872
108812
108847
108788
108817
108783
108785
108755
108755
108770
108775
108778
108800
108801
108804
108841
108829
108865
108914
108885
108876
108868
108866
108896
108895
108890
108903
108907
108924
108943
108935
108950
108947
108962
108968
109023
109026
109034
109045
109047
109077
109064
108999
108929
108923
108899
108910
108838
108851
108829
108828
108839
108847
108844
108866
108906
108909
108927
108921
108955
108937
108924
108881
108960
108947
108968
108970
108984
108988
108983
108971
109003
109030
109022
109008
109004
109031
108957
109039
109057
109051
109049
109061
109074
109035
108971
108913
108868
108836
108838
108823
108835
108674
108792
108792
108808
108821
108839
108843
108871
108860
108864
108847
108853
108843
108893
108901
108822
108924
108937
108935
108960
108950
108950
108944
108944
108968
108965
108968
108971
108959
108964
108918
108872
108810
108828
108815
108835
108823
108826
108798
108827
108821
108833
108853
108887
108880
108824
108883
108885
108907
108883
108903
108885
108904
108911
108939
108928
108898
108953
108937
108959
108960
108984
108990
108995
109005
108977
108907
108862
108813
108774
108778
108806
108746
108733
108707
108681
108715
108758
108788
108807
108810
108791
108811
108836
108848
108867
108863
108866
108877
108892
108897
108940
108949
108985
109014
109003
109022
109019
109043
109026
109027
109023
109047
109046
109090
109029
109056
108989
108918
108838
108790
108765
108759
108757
108719
108695
108699
108678
108682
108742
108771
108818
108828
108797
108815
108829
108854
108879
108902
108913
108929
108917
108941
108959
108996
108982
109018
109049
109037
109068
109094
109076
109086
109108
109098
109138
109122
109114
109149
109205
109155
109172
109150
109069
109001
108909
108865
108850
108820
108787
108754
108717
108724
108726
108785
108759
108831
108838
108850
108873
108876
108885
108893
108926
108922
108957
108928
108926
108934
108975
108984
108984
109008
109054
109052
109041
109069
109062
109047
109046
109065
109055
109075
109097
109129
109124
109129
109111
109110
109074
108986
108910
108860
108878
108879
108873
108862
108829
108808
108801
108818
108834
108855
108859
108878
108903
108906
108906
108923
108944
108957
108972
108957
108986
108954
108987
108993
108985
108995
109010
109012
109035
109054
109052
109056
109061
109072
109076
109090
108986
108941
108891
108900
108890
108895
108887
108884
108860
108864
108868
108900
108903
108908
108883
108814
108924
108934
108932
108928
108961
108977
108958
108994
108985
109002
109000
109004
109029
109030
108950
109064
109062
109050
109065
109076
109084
109098
109097
109040
108956
108875
108854
108843
108848
108760
108768
108739
108737
108731
108756
108788
108842
108814
108866
108840
108861
108864
108896
108907
108823
108941
108949
108958
108967
108976
108974
108987
108987
109007
109021
109023
109041
109047
109054
109007
109102
109110
109106
109101
109082
109119
109074
109018
108904
108895
108840
108857
108856
108812
108747
108725
108725
108742
108780
108809
108816
108831
108829
108864
108855
108879
108894
108912
108917
108928
108961
108976
108993
109018
109005
109043
109035
109065
109070
109073
109070
109069
109116
109096
109069
109076
109102
109092
109138
109138
109156
109057
108973
108923
108884
108860
108846
108848
108837
108775
108730
108711
108797
108804
108848
108854
108863
108873
108882
108902
108916
108957
108948
109002
108980
109036
108981
109037
108995
109022
109005
109029
109023
109037
109039
109072
109059
109069
109134
109053
109097
109020
108943
108880
108867
108885
108867
108903
108914
108868
108876
108902
108922
108963
108936
108923
108938
108932
108937
108954
108981
108956
108969
108986
109003
109017
108991
109012
109108
109025
109025
109045
109093
109084
109114
109117
109121
109107
109047
108972
108900
108850
108854
108903
108819
108750
108727
108724
108709
108792
108849
108877
108869
108862
108886
108899
108895
108938
108948
108935
108943
108936
108968
108985
108985
108987
109002
109036
109024
109045
109076
109059
109068
109100
109106
109129
109115
109165
109144
109142
109165
109135
109073
108982
108884
108840
108854
108839
108836
108776
108770
108725
108764
108792
108856
108859
108856
108868
108873
108894
108891
108901
108938
108884
108995
108989
108985
109011
109000
109031
109013
109031
109030
109054
109055
109070
109083
109089
109056
109137
109139
109131
109139
109143
109141
109165
109184
109154
109086
109010
108942
108864
108883
108780
108814
108759
108762
108738
108733
108787
108830
108858
108866
108881
108889
108900
108898
108934
108821
108955
108960
108969
108996
109009
108990
109020
109052
109025
109033
109056
109070
109078
109075
109002
109089
109115
109121
109115
109128
109136
109130
109067
108935
108882
108858
108860
108866
108826
108755
108799
108824
108881
108917
108926
108908
108921
108929
108931
108953
108998
108970
109011
108990
108964
109004
109028
109045
109037
109036
109048
109069
109090
109087
109133
109124
109134
109150
109137
109095
109021
108916
108886
108883
108881
108847
108842
108800
108778
108765
108741
108764
108793
108827
108801
108845
108851
108915
108897
108883
108931
108960
108939
108934
108971
108958
108961
108973
108973
108958
109016
108992
109044
109046
109049
109040
109059
109106
109099
109096
109111
109111
109114
109060
108969
108850
108832
108782
108797
108782
108725
108712
108674
108684
108696
108770
108800
108794
108850
108828
108856
108876
108880
108934
108950
108943
108955
108956
108986
108988
109061
109059
109066
109096
109118
109110
109084
109092
109122
109137
109152
109179
109206
109210
109205
109179
109230
109218
109287
109177
109021
108904
108825
108833
108808
108819
108761
108736
108669
108677
108675
108688
108733
108807
108729
108776
108774
108785
108809
108808
108792
108863
108882
108909
108931
108927
108936
108958
109038
108992
109057
109086
109085
109099
109105
109119
109104
109110
109134
109137
109157
109155
109199
109199
109151
109017
108924
108814
108808
108816
108819
108808
108777
108779
108780
108775
108849
108870
108883
108868
108880
108909
108947
108920
108940
108958
108966
109004
109037
109056
109073
109063
109062
109068
109115
109119
109138
109150
109140
109153
109169
109158
109131
109040
108944
108822
108779
108787
108729
108708
108688
108672
108644
108676
108706
108745
108760
108773
108779
108778
108815
108856
108853
108812
108923
108931
108955
108978
109011
109022
109031
109034
109050
109073
109081
109097
109097
109124
109072
109165
109176
109171
109174
109205
109143
109029
108904
108756
108738
108735
108715
108675
108646
108503
108522
108520
108565
108598
108647
108653
