91565
91560
91593
91615
91532
91653
91670
91665
91699
91686
91665
91687
91674
91683
91702
91726
91732
91725
91715
91640
91758
91753
91731
91747
91757
91782
91761
91807
91792
91784
91821
91812
91816
91817
91772
91825
91838
91831
91857
91840
91833
91761
91694
91654
91612
91625
91674
91670
91708
91633
91723
91740
91742
91758
91736
91727
91726
91759
91774
91785
91781
91806
91798
91823
91795
91851
91831
91839
91853
91876
91913
91878
91902
91902
91918
91929
91931
91940
91954
91932
91912
91950
91937
91936
91881
91836
91779
91721
91732
91719
91755
91753
91784
91784
91788
91834
91837
91800
91785
91809
91811
91805
91782
91801
91863
91839
91848
91839
91850
91832
91869
91856
91883
91869
91867
91874
91874
91872
91882
91876
91890
91884
91888
91925
91904
91911
91928
91905
91867
91793
91724
91713
91712
91730
91727
91739
91744
91779
91821
91780
91803
91785
91775
91786
91774
91789
91783
91794
91796
91821
91808
91818
91810
91834
91806
91826
91817
91835
91858
91852
91860
91839
91866
91855
91884
91892
91888
91884
91947
91895
91909
91884
91847
91766
91720
91698
91708
91728
91748
91761
91770
91773
91775
91840
91800
91774
91758
91762
91773
91806
91821
91820
91841
91846
91837
91813
91835
91830
91866
91811
91802
91797
91793
91810
91823
91848
91866
91847
91859
91874
91870
91816
91848
91890
91864
91854
91776
91713
91651
91657
91637
91659
91681
91687
91712
91719
91770
91750
91788
91737
91728
91735
91728
91754
91759
91769
91760
91762
91792
91758
91771
91780
91789
91800
91788
91778
91802
91785
91784
91833
91831
91804
91837
91827
91827
91831
91829
91834
91834
91843
91801
91750
91716
91669
91663
91686
91717
91729
91727
91737
91791
91786
91767
91718
91738
91717
91730
91742
91741
91746
91755
91762
91775
91795
91813
91824
91785
91797
91771
91827
91824
91810
91812
91833
91829
91819
91840
91825
91810
91833
91853
91850
91828
91696
91653
91636
91674
91680
91686
91693
91676
91753
91760
91745
91752
91759
91738
91753
91677
91739
91747
91767
91775
91791
91777
91788
91801
91776
91795
91791
91815
91815
91824
91762
91825
91814
91817
91820
91812
91829
91844
91819
91849
91837
91818
91770
91678
91661
91504
91645
91659
91686
91704
91709
91708
91702
91711
91713
91695
91691
91704
91717
91705
91612
91712
91734
91755
91722
91733
91733
91747
91751
91777
91747
91792
91752
91757
91792
91718
91813
91802
91818
91811
91811
91803
91809
91799
91747
91683
91617
91605
91599
91626
91580
91676
91687
91692
91717
91730
91698
91697
91702
91684
91678
91668
91707
91709
91718
91712
91778
91811
91827
91837
91840
91884
91865
91886
91897
91902
91921
91909
91914
91899
91877
91929
91915
91912
91892
91896
91853
91790
91716
91675
91657
91669
91716
91747
91740
91730
91752
91781
91764
91746
91730
91735
91742
91760
91770
91795
91821
91860
91859
91895
91862
91884
91868
91842
91847
91834
91828
91817
91826
91828
91796
91807
91841
91825
91834
91826
91815
91799
91759
91703
91626
91631
91636
91673
91670
91707
91719
91720
91731
91771
91726
91736
91711
91748
91751
91759
91745
91779
91746
91788
91787
91802
91817
91840
91861
91821
91811
91783
91791
91809
91801
91829
91805
91836
91819
91803
91835
91824
91833
91825
91748
91614
91586
91607
91614
91639
91677
91649
91678
91694
91686
91684
91694
91702
91729
91662
91717
91746
91757
91747
91747
91737
91773
91767
91758
91755
91776
91750
91755
91831
91779
91793
91785
91803
91771
91799
91811
91808
91795
91829
91816
91825
91787
91689
91681
91600
91617
91620
91668
91665
91677
91681
91676
91695
91721
91682
91702
91695
91676
91736
91689
91715
91710
91732
91729
91745
91743
91743
91766
91754
91736
91756
91773
91801
91798
91791
91810
91811
91817
91827
91827
91842
91846
91831
91839
91839
91760
91680
91644
91615
91613
91643
91655
91665
91661
91681
91694
91703
91680
91680
91705
91706
91680
91705
91735
91712
91724
91751
91771
91751
91766
91749
91778
91777
91791
91789
91783
91804
91806
91756
91799
91796
91795
91816
91812
91831
91832
91822
91815
91808
91748
91695
91645
91609
91571
91685
91706
91699
91725
91751
91763
91734
91740
91728
91686
91711
91716
91718
91745
91687
91781
91766
91793
91782
91784
91770
91802
91788
91781
91797
91799
91822
91854
91838
91785
91876
91896
91880
91895
91874
91878
91906
91896
91874
91775
91733
91701
91704
91722
91651
91748
91774
91797
91784
91780
91775
91738
91739
91737
91752
91746
91737
91775
91770
91675
91799
91789
91812
91793
91791
91791
91816
91818
91808
91828
91837
91845
91850
91866
91785
91871
91887
91896
91889
91873
91831
91782
91718
91689
91698
91714
91732
91770
91767
91726
91822
91784
91801
91769
91760
91755
91748
91790
91782
91765
91762
91765
91810
91814
91774
91801
91793
91815
91823
91801
91823
91849
91863
91882
91862
91893
91891
91879
91920
91884
91942
91905
91879
91813
91786
91738
91742
91767
91790
91797
91818
91816
91830
91861
91844
91830
91852
91833
91838
91850
91845
91856
91880
91902
91894
91901
91908
91935
91937
91925
91955
91952
91921
91950
91951
91953
91938
91953
91938
91955
91950
91971
91968
91997
91971
91873
91840
91804
91792
91811
91831
91867
91855
91865
91889
91887
91896
91866
91912
91840
91876
91883
91872
91895
91917
91937
91937
91943
91948
91955
91975
91943
91968
91998
91954
91963
91961
91978
91968
91969
91954
91974
91936
91964
91963
91959
91956
91894
91889
91810
91787
91788
91793
91832
91858
91866
91863
91883
91877
91891
91874
91856
91839
91883
91841
91891
91871
91895
91888
91890
91899
91914
91916
91942
91910
91924
91915
91900
91964
91907
91950
91962
91966
91966
91944
91936
91939
91956
91963
91885
91838
91789
91759
91805
91770
91793
91798
91818
91847
91860
91844
91840
91820
91838
91814
91827
91815
91850
91913
91863
91878
91864
91871
91891
91883
91885
91890
91862
91878
91868
91861
91864
91863
91915
91912
91910
91890
91918
91913
91943
91903
91849
91790
91756
91773
91769
91810
91825
