102187
102217
102198
102192
102286
102323
102580
102681
102796
102939
103109
103251
103393
103536
103633
103752
103826
104001
104143
104277
104037
102279
101434
101095
100874
100778
100705
100696
100709
100818
101033
101210
101316
101311
101322
101237
101468
101671
101797
101916
102048
102203
102392
102594
102834
103043
103217
103385
103528
103728
103813
104015
103882
103283
102448
101581
101231
101201
101286
101398
101507
101616
101829
102066
102306
102548
102697
102810
102951
103061
103227
103397
103573
103703
103824
103937
104014
104099
104123
104176
104320
104407
104524
104585
104504
104111
103305
102801
102536
102451
102526
102632
102750
102893
103121
103297
103285
103221
103229
103206
103223
103308
103441
103543
103667
103773
103853
103904
103974
104069
104224
104345
104431
104481
104389
103889
103111
102286
101655
101517
101492
101527
101577
101666
101775
102137
102214
102203
102167
102170
102220
102287
102377
102475
102598
102722
102838
103006
103157
103255
103570
103684
103815
103957
104078
104032
103648
102864
101938
101356
101159
101149
101157
101210
101182
101450
101564
101646
101701
101695
101695
101806
101975
102230
102466
102693
102876
103049
103198
103208
103518
103576
103663
103721
103817
103928
103987
103882
103389
102575
101718
101248
101157
101218
101278
101667
101806
101967
102097
102187
102183
102127
102144
102206
102322
102480
102670
102872
103065
103195
103578
103730
103856
103989
104072
104187
104256
104266
104128
103622
102888
102247
101785
101649
101617
101769
101863
102021
102172
102298
102306
102289
102298
102327
102409
102522
102621
102733
102880
102971
103352
103517
103656
103699
103780
103866
103946
104002
103892
103376
102609
101730
101261
101146
101148
101291
101362
101493
101580
101659
101754
101807
101808
101798
101765
101778
101822
101917
102028
102109
102363
102482
102618
102717
102808
102912
103016
103185
103336
103321
102971
102125
101273
100932
100725
100646
100627
100641
100745
100849
100922
100951
100957
100931
100945
100945
100992
101042
101129
101250
101508
101634
101738
101867
101977
102093
102220
102419
102642
102843
103014
103003
102618
101796
100915
100490
100445
100502
100577
100629
100763
100917
101050
101084
101058
101058
101098
101170
101291
101314
101528
101586
101764
101980
102152
102275
102427
102558
102644
102749
102872
102957
102914
102580
101704
100395
100284
100275
100282
100323
100333
100398
100541
100647
100695
100669
100652
100662
100793
100931
101048
101156
101275
101432
101575
101710
101836
101977
102082
102203
102294
102417
102552
102738
102154
101156
100434
100175
100075
100063
100094
100126
100142
100219
100361
100458
100548
100550
100527
100604
100630
100712
100780
100854
100973
101085
101204
101381
101512
101625
101754
101938
102024
102126
102545
102669
102681
102316
101424
100527
100185
100053
100038
100046
100077
100112
100212
100364
100442
100614
100577
100586
100648
100689
100730
100816
100936
101086
101253
101452
101621
101764
101952
102088
102490
102685
102843
103023
103225
103431
103430
103035
102199
101138
100548
100486
100543
100631
100664
100968
101150
101367
101489
101530
101582
101588
101626
101688
101795
101927
102070
102268
102472
102527
102889
102995
103080
103214
103306
103357
103379
103341
103158
102683
101927
100952
100493
100296
100248
100388
100488
100623
100815
100971
101064
101051
101027
101038
101114
101218
101341
101482
101563
101607
101899
102111
102334
102539
102720
102883
103076
103172
103295
103410
103441
103179
102442
101440
100567
100303
100357
100399
100461
100542
100701
100861
100975
101042
101036
101030
101019
101054
101143
101206
101419
101558
101732
101889
102010
102121
102186
102251
102349
102470
102609
102760
102945
103026
102809
101055
100419
100181
100100
100117
100147
100221
100256
100391
100537
100656
100685
100660
100633
100572
100637
100726
100846
100936
101034
101156
101257
101435
101585
101739
101873
101997
102217
102445
102615
103003
103001
102586
101775
100826
100367
100241
100258
100310
100370
100428
100596
100788
101022
101016
101084
101103
101146
101173
101235
101368
101488
101618
101765
102005
102154
102287
102366
102488
102514
102724
102853
103020
103026
102794
102203
101250
100464
100233
100165
100176
100221
100303
100451
100483
100791
100786
100737
100752
100789
100838
100890
100983
101064
101171
101258
101386
101491
101625
101822
101948
102116
102370
102626
102851
103027
103026
102636
101724
100624
100179
100025
100003
100081
100134
100190
100346
100477
100570
100598
100619
100586
100581
100585
100644
100712
100807
100960
101087
101387
101545
101658
101756
101877
101989
102115
102248
102406
102519
102463
102075
101205
100414
100038
99969
100051
100135
100214
100337
100511
100707
100818
100913
100958
100978
100990
101064
101184
101286
101832
102038
102200
102334
102527
102700
102853
103009
103178
103326
103402
103510
103471
103111
102308
101060
100907
100933
101082
101199
101302
101518
101774
101921
101958
101996
102002
101980
102003
101903
102086
102226
102374
102519
102607
102707
102813
102908
103046
103196
103299
103388
103414
103224
102517
100836
100534
100486
100579
100651
100712
100821
100962
101151
101258
101313
101330
101330
101391
101356
101668
101800
101964
102155
102318
102444
102576
102705
102836
102972
103087
103189
103313
103384
103249
102042
101061
100529
100393
100412
100511
100560
100642
100716
100797
100892
100979
101026
101042
100993
101051
101083
101134
101223
101328
101476
101661
101854
101987
102060
102124
102137
102135
102158
102195
102345
101909
101039
100399
100089
99947
99918
99973
100018
100089
100220
100408
100544
100642
100684
100763
100811
100950
101158
101296
101459
101611
101783
101941
102144
102328
102534
102701
102879
103022
103333
103365
103069
102375
101576
100815
100640
100646
100707
100783
100892
101064
101274
101432
101478
101408
101415
101479
101537
101610
101667
101770
101886
102037
102153
102302
102457
102601
102805
102962
103276
103326
103057
102369
101379
100649
100448
100427
100467
100562
100621
100718
100878
101121
101185
101223
101275
101328
101405
101503
101611
101719
101812
101940
102104
102253
102444
102588
102826
102925
103253
103361
103357
103060
102347
101361
100685
100484
100436
100462
100490
100603
100739
100986
101105
101193
101159
101130
101172
101226
101300
101430
101597
101781
101992
102221
102443
102606
102802
102925
103271
103414
103517
103472
103045
102294
101449
100887
100766
100839
100952
101021
101139
101425
101843
101989
102001
101992
102021
102123
102211
102380
102566
102754
102905
103005
103099
103167
103324
103505
103623
103714
103763
103677
103246
102483
101802
101198
100959
100961
101023
101050
101136
101357
101601
101631
101619
101612
101596
101625
101722
101849
102023
102204
102374
102539
102645
102744
102842
103148
103307
103337
103224
102704
101852
100956
100607
100491
100495
100530
100559
100610
100781
100917
101089
101103
101090
101088
101157
101220
101306
101415
101529
101678
101801
101919
102011
102155
102264
102586
102662
102673
102470
101861
100959
100436
100217
100173
100181
100201
100240
100281
100386
100419
100578
100600
100607
100598
100639
100726
100811
100918
101014
101106
101192
101323
101470
101619
101649
102109
102304
102464
102474
102153
101277
100528
100196
100109
100118
100188
100271
100347
100520
100633
100994
101026
101073
101100
101152
101305
101482
101651
101792
101936
102100
102290
102468
102665
102747
103143
103239
103291
103283
102955
102283
101480
100843
100654
100615
100663
100737
100819
101014
101128
101251
101177
101110
101089
101164
101270
101396
101481
101554
101609
101708
101839
101939
102039
102073
102430
102527
102528
102206
101426
100558
100185
100003
99989
99990
100001
100038
100098
100245
100315
100420
100403
100422
100438
100489
100557
100643
100752
100895
101010
101101
101187
101242
101353
101496
101833
101974
102055
101862
101212
100382
99953
99754
99628
99604
