95246
95179
95154
95180
95215
95268
95340
95375
95457
95591
95650
95726
95748
95807
95874
95905
95978
96083
96105
96136
96160
96162
96145
96162
96156
96143
96133
96144
96145
96152
96120
96138
96140
96143
96161
96143
96123
96076
95998
95841
95771
95705
95716
95746
95789
95829
95853
95889
95913
95932
95916
95905
95879
95868
95838
95811
95815
95814
95825
95861
95867
95872
95903
95919
95945
95959
95951
95999
96005
95999
96008
96020
96058
96058
96061
96053
95996
95868
95730
95658
95636
95632
95652
95702
95743
95802
95831
95881
95893
95934
95926
95916
95906
95879
95855
95878
95850
95919
95924
95955
95951
95966
95983
95992
96007
96016
96018
96045
96031
96057
96068
96075
96089
96098
96103
96062
95984
95723
95698
95680
95702
95757
95800
95856
95912
95929
95970
95985
95979
95979
95963
95937
95913
95925
95918
95939
95938
95947
95996
95982
96001
96026
96020
96032
96053
96048
96068
96062
96045
96071
96068
96074
96037
95927
95759
95698
95669
95682
95747
95790
95825
95865
95915
95959
95965
95997
96010
95935
95966
95936
95924
95937
95922
95975
95988
96024
96010
96032
96027
96045
96062
96065
96076
96086
96078
96077
96115
96107
96132
96133
96090
95978
95868
95709
95701
95733
95768
95807
95827
95891
95933
95989
96010
96019
95987
95989
95953
95943
95918
95936
95962
95962
95990
95998
96008
96023
96048
96068
96079
96087
96083
96097
96096
96109
96124
96136
96137
96127
96104
95980
95831
95787
95741
95726
95743
95776
95842
95843
95879
95928
95941
96007
95991
95947
95987
95958
95962
95961
95982
96014
96015
96002
96053
96061
96087
96085
96063
96075
96113
96102
96123
96111
96107
96112
96113
96138
96136
96160
96129
95999
95861
95782
95771
95779
95826
95808
95871
95889
95914
95948
95989
96026
96000
96009
96018
95997
95983
95971
95968
95967
95985
96002
96040
96084
96058
96091
96076
96104
96125
96103
96103
96105
96105
96110
96121
96115
96126
96147
96146
96130
96113
95999
95857
95789
95715
95732
95759
95797
95855
95853
95943
95988
96006
96008
96020
96015
96021
96018
95983
95995
95995
95990
96026
96049
96074
96074
96092
96102
96122
96141
96122
96106
96116
96079
96064
96133
96159
96164
96191
96204
96216
96201
96158
96053
95909
95836
95830
95811
95832
95865
95904
95960
95982
96015
96049
96039
96056
96060
96024
96040
95988
96000
96007
96023
96039
96054
96050
96117
96074
96110
96102
96099
96126
96116
96127
96122
96145
96135
96135
96160
96146
96157
96182
96129
96078
95815
95778
95765
95788
95835
95885
95926
95995
96014
96025
96071
96066
96057
96049
96014
95991
95978
95998
95996
96019
96037
96064
96078
96104
96112
96063
96130
96125
96116
96111
96115
96120
96135
96119
96126
96152
96156
96156
96128
96037
95944
95840
95818
95751
95805
95838
95865
95923
95967
96006
96002
96035
96033
96030
96030
95990
95970
95978
95982
95996
96026
96071
96075
96077
96085
96112
96126
96112
96119
96128
96126
96134
96146
96153
96199
96243
96201
96199
96170
96093
95954
95854
95832
95845
95863
95904
95932
95960
96006
96054
96072
96086
96105
96082
96063
96064
96030
96012
96027
96032
96034
96013
96115
96101
96119
96111
96116
96106
96121
96143
96151
96186
96169
96213
96236
96202
96148
96099
96007
95914
95875
95873
95908
95955
95970
95983
95998
96095
96128
96167
96154
96136
96146
96129
96088
96075
96058
96069
96102
96141
96148
96197
96202
96232
96232
96244
96267
96293
96300
96359
96428
96456
96388
96299
96194
96113
96090
96094
96086
96118
96114
96152
96154
96188
96216
96230
96253
96260
96234
96204
96151
96164
96149
96178
96210
96223
96243
96246
96259
96295
96293
96303
96282
96287
96302
96303
96304
96300
96218
96105
96064
96024
96040
96036
96096
96136
96181
96228
96259
96279
96323
96380
96330
96306
96298
96242
96257
96265
96282
96293
96289
96310
96304
96303
96299
96310
96312
96331
96306
96339
96319
96306
96309
96227
96111
96016
95951
95889
95947
95938
95975
95987
95996
96017
96024
96034
96010
96008
95979
95945
95956
95934
95934
95952
95957
95961
95977
95994
96011
96008
96027
96011
96063
95995
96024
96008
96005
95926
95836
95750
95651
95628
95652
95655
95669
95666
95714
95750
95768
95808
95812
95808
95827
95771
95788
95756
95764
95760
95692
95756
95782
95794
95790
95822
95817
95831
95834
95857
95858
95869
95876
95888
95846
95763
95636
95523
95455
95433
95434
95449
95446
95463
95467
95439
95549
95572
95559
95549
95511
95530
95510
95527
95557
95559
95576
95626
95618
95648
95644
95670
95644
95686
95684
95693
95700
95731
95757
95781
95795
95674
95552
95421
95332
95285
95311
95350
95378
95414
95423
95464
95486
95510
95510
95533
95524
95504
95506
95506
95505
95505
95497
95516
95540
95588
95609
95622
95623
95635
95641
95638
95642
95642
95687
95691
95715
95740
95726
95747
95759
95670
95550
95430
95313
95259
95265
95276
95321
95334
95366
95308
95495
95509
95531
95504
95491
95467
95467
95431
95441
95442
95474
95482
95516
95527
95555
95596
95609
95614
95621
95634
95644
95643
95636
95620
95608
95680
95679
95688
95710
95707
95692
95578
95443
95285
95189
95156
95150
95195
95230
95261
95305
95356
95386
95413
95446
95421
95414
95431
95420
95453
95436
95459
95477
95534
95531
95546
95580
95570
95626
95632
95651
95657
95674
95684
95679
95695
95710
95733
95732
95771
95756
95753
95728
95573
95470
95252
95257
95308
95326
95400
95448
95475
95496
95559
95581
95611
95589
95589
95560
95538
95525
95542
95563
95566
95603
95602
95646
95665
95677
95671
95660
95745
95745
95763
95748
95752
95752
95761
95773
95774
95801
95796
95822
95801
95766
95632
95480
95308
95239
95226
95268
95333
95371
95412
95437
95510
95549
95579
95598
95582
95552
95532
95514
95525
95526
95549
95581
95603
95640
95634
95656
95694
95704
95702
95718
95749
95724
95750
95747
95754
95816
95792
95819
95811
95829
95833
95883
95833
95710
95569
95448
95326
95286
95324
95403
95440
95470
95481
95527
95554
95620
