94042
93927
93853
93852
93873
93906
93916
93989
94012
94113
94191
94239
94223
94204
94230
94178
94223
94244
94315
94398
94491
94554
94648
94715
94775
94787
94833
94866
94891
94911
94948
94972
95036
95081
95144
95075
94866
94479
94122
93920
93715
93675
93685
93725
93765
93798
93853
93938
93997
94024
93997
93999
93971
93971
93998
93970
94047
94117
94204
94311
94370
94435
94502
94591
94608
94641
94704
94781
94782
94795
94821
94867
94893
94927
94873
94547
94139
93848
93639
93513
93424
93410
93417
93444
93505
93482
93517
93586
93656
93682
93701
93685
93669
93685
93761
93797
93873
93961
94043
94118
94231
94310
94357
94413
94458
94496
94539
94571
94617
94625
94665
94719
94764
94782
94832
94834
94158
93802
93565
93416
93357
93298
93291
93323
93354
93397
93432
93501
93546
93615
93599
93600
93569
93570
93586
93585
93640
93723
93800
93903
93991
94017
94254
94308
94374
94428
94455
94482
94530
94550
94574
94607
94634
94692
94731
94756
94744
94551
94141
93782
93523
93405
93300
93282
93307
93320
93369
93530
93613
93702
93713
93690
93647
93620
93627
93643
93690
93762
93865
93971
94086
94169
94212
94258
94332
94366
94418
94453
94471
94493
94516
94581
94607
94647
94706
94749
94731
94539
94141
93810
93621
93500
93473
93487
93523
93612
93679
93788
93902
94017
94040
94030
93948
93847
93823
93814
93826
93836
94052
94146
94235
94286
94370
94437
94511
94521
94563
94575
94586
94620
94641
94673
94711
94722
94611
94331
93942
93678
93550
93457
93436
93448
93490
93670
93802
93934
93998
94025
93991
93932
93861
93822
93815
93862
93930
94013
94100
94155
94243
94324
94394
94417
94481
94538
94548
94576
94611
94667
94667
94518
94183
93802
93531
93365
93261
93172
93186
93204
93224
93275
93318
93386
93448
93483
93489
93476
93446
93414
93441
93452
93499
93550
93670
93827
93929
94003
94071
94097
94148
94193
94251
94276
94313
94326
94383
94341
94077
93659
93361
93135
92959
92857
92832
92852
92851
92920
92940
92957
92930
93104
93135
93101
93098
93095
93107
93145
93184
93245
93293
93367
93445
93535
93600
93676
93734
93790
93809
93846
93891
93906
93971
94026
94080
94098
93609
93280
93044
92904
92771
92701
92692
92680
92666
92670
92669
92710
92780
92803
92797
92788
92788
92771
92774
92788
92831
92869
92917
92984
93105
93189
93240
93291
93339
93395
93402
93438
93479
93509
93553
93577
93641
93695
93761
93793
93671
93332
93020
92726
92489
92294
92199
92118
92091
92078
92045
92145
92196
92246
92281
92238
92234
92189
92211
92213
92242
92300
92377
92448
92520
92589
92671
92739
92801
92842
92884
92927
92959
92995
93069
92989
93175
93242
93271
93342
93450
93511
93594
93610
93429
93009
92638
92346
92041
91877
91782
91730
91737
91721
91709
91747
91782
91839
91888
91900
91912
91878
91870
91908
91937
92003
92078
92153
92247
92298
92400
92457
92517
92568
92617
92662
92719
92759
92831
92894
92952
92992
93049
93093
93155
93289
93417
93505
93413
93013
92621
92272
91978
91802
91667
91631
91642
91614
91643
91694
91736
91828
91884
91909
91909
91890
91871
91871
91866
91924
91974
91989
92165
92230
92311
92383
92437
92496
92546
92609
92656
92689
92747
92796
92864
92931
93000
93051
93118
93216
93297
93329
93178
92763
92473
92203
91964
91823
91841
91907
91952
92030
92146
92244
92330
92346
92332
92298
92255
92256
92294
92358
92409
92480
92580
92673
92774
92882
92941
93039
93076
93177
93259
93307
93318
93388
93434
93482
93549
93628
93574
93268
92879
92591
92363
92209
92142
92119
92146
92197
92269
92333
92448
92525
92578
92586
92604
92533
92532
92557
92618
92698
92771
92873
92946
93060
93149
93228
93297
93357
93418
93467
93500
93565
93636
93672
93736
93765
93826
93819
93568
93123
92766
92329
92192
92113
92102
92125
92158
92194
92247
92331
92426
92496
92487
92497
92500
92487
92497
92557
92628
92710
92827
92897
92994
93111
93199
93287
93429
93473
93496
93517
93548
93602
93661
93708
93779
93862
93875
93751
93315
92926
92623
92404
92251
92162
92136
92150
92175
92224
92248
92331
92439
92486
92491
92480
92487
92502
92526
92570
92637
92702
92802
92874
92981
93067
93123
93218
93279
93321
93395
93424
93477
93522
93560
93615
93690
93818
93809
93510
93104
92761
92485
92304
92198
92138
92135
92186
92217
92294
92347
92441
92479
92521
92536
92506
92508
92521
92536
92548
92635
92687
92784
92820
93059
93140
93185
93270
93321
93378
93428
93481
93497
93530
93577
93637
93739
93781
93826
93827
93566
93116
92787
92562
92383
92283
92257
92309
92335
92451
92530
92609
92649
92625
92612
92581
92563
92577
92602
92678
92755
92851
92934
93017
93100
93173
93257
93344
93389
93454
93493
93532
93582
93645
93702
93761
93830
93879
93930
93824
93459
93070
92780
92602
92499
92487
92502
92584
92659
92733
92865
92968
93060
93067
93034
92960
92937
92896
92959
92989
93104
93203
93286
93367
93470
93537
93617
93668
93716
93737
93764
93791
93859
93874
93948
93986
93993
93800
93404
93091
92872
92733
92687
92665
92669
92862
92991
93130
93249
93287
93243
93152
93099
93053
93067
93081
93126
93215
93309
93412
93495
93574
93658
93735
93799
93830
93843
93871
93937
93974
93983
93720
93340
92983
92741
92567
92487
92460
92457
92534
92587
92627
92756
92864
92911
92929
92880
92817
92791
92810
92838
92898
92978
93060
93202
93379
93451
93536
93594
93650
93679
93722
93762
93830
93892
93952
93954
93782
93336
92944
92634
92400
92238
92170
92130
92142
92132
92172
92180
92292
92318
92437
92463
92449
92466
92476
92523
92567
92635
92737
92839
92941
93055
93190
93274
93337
93415
93439
93484
93523
93583
93633
93683
93761
93825
93793
93463
92987
92625
92337
92137
91991
91952
91949
91946
91961
91944
92018
92072
92148
92182
92202
92209
92188
92172
92158
92171
92217
92283
92376
92460
92624
92695
92786
92844
92904
92933
92991
93024
93068
93147
93156
93228
93218
93312
93388
93470
93447
93221
92781
92429
92120
91896
91767
91692
91733
91735
91780
91805
91884
91982
92023
92042
91989
92008
92013
92015
92085
92146
92206
92284
92369
92487
92607
92673
92738
92796
92852
92915
92950
93027
92997
93147
93218
93274
