-7.532605,-2.364108,-5.627918
-7.532605,-2.364108,-5.627918
-7.532605,-2.364108,-5.627918
-7.436892,-2.383251,-5.656633
-7.436892,-2.383251,-5.656633
-7.436892,-2.383251,-5.656633
-7.513463,-2.402393,-5.742774
-7.513463,-2.402393,-5.742774
-7.513463,-2.402393,-5.742774
-7.570890,-2.411965,-5.742774
-7.570890,-2.411965,-5.742774
-7.570890,-2.411965,-5.742774
-7.570890,-2.411965,-5.742774
-7.436892,-2.536391,-5.656633
-7.436892,-2.536391,-5.656633
-7.436892,-2.536391,-5.656633
-7.523034,-2.469392,-5.532205
-7.523034,-2.469392,-5.532205
-7.523034,-2.469392,-5.532205
-7.513463,-2.431107,-5.704489
-7.513463,-2.431107,-5.704489
-7.513463,-2.431107,-5.704489
-7.513463,-2.431107,-5.704489
-7.551748,-2.450250,-5.570491
-7.551748,-2.450250,-5.570491
-7.551748,-2.450250,-5.570491
-7.628318,-2.440679,-5.637490
-7.628318,-2.440679,-5.637490
-7.628318,-2.440679,-5.637490
-7.494320,-2.478964,-5.685346
-7.494320,-2.478964,-5.685346
-7.494320,-2.478964,-5.685346
-7.494320,-2.478964,-5.685346
-7.475177,-2.517249,-5.541777
-7.475177,-2.517249,-5.541777
-7.475177,-2.517249,-5.541777
-7.523034,-2.450250,-5.704489
-7.523034,-2.450250,-5.704489
-7.523034,-2.450250,-5.704489
-7.494320,-2.469392,-5.599205
-7.494320,-2.469392,-5.599205
-7.494320,-2.469392,-5.599205
-7.494320,-2.469392,-5.599205
-7.551748,-2.498106,-5.627918
-7.551748,-2.498106,-5.627918
-7.551748,-2.498106,-5.627918
-7.542177,-2.498106,-5.647061
-7.542177,-2.498106,-5.647061
-7.542177,-2.498106,-5.647061
-7.542177,-2.498106,-5.647061
-7.695317,-2.249253,-5.091926
-7.695317,-2.249253,-5.091926
-7.695317,-2.249253,-5.091926
-7.618747,-2.440679,-5.656633
-7.618747,-2.440679,-5.656633
-7.618747,-2.440679,-5.656633
-7.513463,-2.325823,-5.570491
-7.513463,-2.325823,-5.570491
-7.513463,-2.325823,-5.570491
-7.513463,-2.325823,-5.570491
-7.676175,-2.411965,-5.666204
-7.676175,-2.411965,-5.666204
-7.676175,-2.411965,-5.666204
-7.513463,-2.277967,-5.589633
-7.513463,-2.277967,-5.589633
-7.513463,-2.277967,-5.589633
-7.532605,-2.411965,-5.675775
-7.532605,-2.411965,-5.675775
-7.532605,-2.411965,-5.675775
-7.532605,-2.411965,-5.675775
-7.532605,-2.344966,-5.608776
-7.532605,-2.344966,-5.608776
-7.532605,-2.344966,-5.608776
-7.503892,-2.411965,-5.685346
-7.503892,-2.411965,-5.685346
-7.503892,-2.411965,-5.685346
-7.513463,-2.364108,-5.656633
-7.513463,-2.364108,-5.656633
-7.513463,-2.364108,-5.656633
-7.513463,-2.364108,-5.656633
-7.695317,-2.507678,-5.484349
-7.695317,-2.507678,-5.484349
-7.695317,-2.507678,-5.484349
-7.599604,-2.478964,-5.493920
-7.599604,-2.478964,-5.493920
-7.599604,-2.478964,-5.493920
-7.561319,-2.354537,-5.714060
-7.561319,-2.354537,-5.714060
-7.561319,-2.354537,-5.714060
-7.561319,-2.354537,-5.714060
-7.523034,-2.392822,-5.647061
-7.523034,-2.392822,-5.647061
-7.523034,-2.392822,-5.647061
-7.551748,-2.354537,-5.627918
-7.551748,-2.354537,-5.627918
-7.551748,-2.354537,-5.627918
-7.360322,-2.306681,-5.771488
-7.360322,-2.306681,-5.771488
-7.360322,-2.306681,-5.771488
-7.360322,-2.306681,-5.771488
-7.456035,-2.411965,-5.618347
-7.456035,-2.411965,-5.618347
-7.456035,-2.411965,-5.618347
-7.609176,-2.507678,-5.570491
-7.609176,-2.507678,-5.570491
-7.609176,-2.507678,-5.570491
-7.389036,-2.316252,-5.694918
-7.389036,-2.316252,-5.694918
-7.389036,-2.316252,-5.694918
-7.389036,-2.316252,-5.694918
-7.523034,-2.421536,-5.666204
-7.523034,-2.421536,-5.666204
-7.523034,-2.421536,-5.666204
-7.513463,-2.373680,-5.666204
-7.513463,-2.373680,-5.666204
-7.513463,-2.373680,-5.666204
-7.513463,-2.373680,-5.666204
-7.513463,-2.335394,-5.656633
-7.513463,-2.335394,-5.656633
-7.513463,-2.335394,-5.656633
-7.580462,-2.469392,-5.589633
-7.580462,-2.469392,-5.589633
-7.580462,-2.469392,-5.589633
-7.484749,-2.316252,-5.704489
-7.484749,-2.316252,-5.704489
-7.484749,-2.316252,-5.704489
-7.484749,-2.316252,-5.704489
-7.551748,-2.459821,-5.666204
-7.551748,-2.459821,-5.666204
-7.551748,-2.459821,-5.666204
-7.532605,-2.392822,-5.589633
-7.532605,-2.392822,-5.589633
-7.532605,-2.392822,-5.589633
-7.503892,-2.411965,-5.599205
-7.503892,-2.411965,-5.599205
-7.503892,-2.411965,-5.599205
-7.503892,-2.411965,-5.599205
-7.503892,-2.364108,-5.666204
-7.503892,-2.364108,-5.666204
-7.503892,-2.364108,-5.666204
-7.590033,-2.364108,-5.733203
-7.590033,-2.364108,-5.733203
-7.590033,-2.364108,-5.733203
-7.561319,-2.316252,-5.694918
-7.561319,-2.316252,-5.694918
-7.561319,-2.316252,-5.694918
-7.561319,-2.316252,-5.694918
-7.551748,-2.383251,-5.761916
-7.551748,-2.383251,-5.761916
-7.551748,-2.383251,-5.761916
-7.523034,-2.201396,-5.637490
-7.523034,-2.201396,-5.637490
-7.523034,-2.201396,-5.637490
-7.494320,-2.335394,-5.742774
-7.494320,-2.335394,-5.742774
-7.494320,-2.335394,-5.742774
-7.494320,-2.335394,-5.742774
-7.542177,-2.354537,-5.656633
-7.542177,-2.354537,-5.656633
-7.542177,-2.354537,-5.656633
-7.618747,-2.411965,-5.608776
-7.618747,-2.411965,-5.608776
-7.618747,-2.411965,-5.608776
-7.503892,-2.316252,-5.704489
-7.503892,-2.316252,-5.704489
-7.503892,-2.316252,-5.704489
-7.503892,-2.316252,-5.704489
-7.551748,-2.402393,-5.503492
-7.551748,-2.402393,-5.503492
-7.551748,-2.402393,-5.503492
-7.456035,-2.364108,-5.580062
-7.456035,-2.364108,-5.580062
-7.456035,-2.364108,-5.580062
-7.456035,-2.364108,-5.580062
-7.523034,-2.431107,-5.714060
-7.523034,-2.431107,-5.714060
-7.523034,-2.431107,-5.714060
-7.523034,-2.325823,-5.704489
-7.523034,-2.325823,-5.704489
-7.523034,-2.325823,-5.704489
-7.503892,-2.354537,-5.580062
-7.503892,-2.354537,-5.580062
-7.503892,-2.354537,-5.580062
-7.503892,-2.354537,-5.580062
-7.484749,-2.354537,-5.656633
-7.484749,-2.354537,-5.656633
-7.484749,-2.354537,-5.656633
-7.523034,-2.335394,-5.704489
-7.523034,-2.335394,-5.704489
-7.523034,-2.335394,-5.704489
-7.408179,-2.287538,-5.704489
-7.408179,-2.287538,-5.704489
-7.408179,-2.287538,-5.704489
-7.408179,-2.287538,-5.704489
-7.570890,-2.364108,-5.637490
-7.570890,-2.364108,-5.637490
-7.570890,-2.364108,-5.637490
-7.609176,-2.373680,-5.675775
-7.609176,-2.373680,-5.675775
-7.609176,-2.373680,-5.675775
-7.532605,-2.469392,-5.694918
-7.532605,-2.469392,-5.694918
-7.532605,-2.469392,-5.694918
-7.532605,-2.469392,-5.694918
-7.561319,-2.316252,-5.666204
-7.561319,-2.316252,-5.666204
-7.561319,-2.316252,-5.666204
-7.542177,-2.335394,-5.800202
-7.542177,-2.335394,-5.800202
-7.542177,-2.335394,-5.800202
-7.551748,-2.364108,-5.637490
-7.551748,-2.364108,-5.637490
-7.551748,-2.364108,-5.637490
-7.551748,-2.364108,-5.637490
-7.570890,-2.354537,-5.714060
-7.570890,-2.354537,-5.714060
-7.570890,-2.354537,-5.714060
-7.570890,-2.316252,-5.685346
-7.570890,-2.316252,-5.685346
-7.570890,-2.316252,-5.685346
-7.503892,-2.373680,-5.733203
-7.503892,-2.373680,-5.733203
-7.503892,-2.373680,-5.733203
-7.503892,-2.373680,-5.733203
-7.475177,-2.373680,-5.694918
-7.475177,-2.373680,-5.694918
-7.475177,-2.373680,-5.694918
-7.590033,-2.383251,-5.656633
-7.590033,-2.383251,-5.656633
-7.590033,-2.383251,-5.656633
-7.590033,-2.383251,-6.029913
-7.676175,-2.153540,-6.029913
-7.676175,-2.153540,-6.029913
-7.676175,-2.153540,-6.029913
-7.666603,-2.411965,-5.627918
-7.666603,-2.411965,-5.627918
-7.666603,-2.411965,-5.627918
-7.513463,-2.411965,-5.599205
-7.513463,-2.411965,-5.599205
-7.513463,-2.411965,-5.599205
-7.513463,-2.411965,-5.599205
-7.475177,-2.287538,-5.714060
-7.475177,-2.287538,-5.714060
-7.475177,-2.287538,-5.714060
-7.628318,-2.364108,-5.608776
-7.628318,-2.364108,-5.608776
-7.628318,-2.364108,-5.608776
-7.657032,-2.392822,-5.694918
-7.657032,-2.392822,-5.694918
-7.657032,-2.392822,-5.694918
-7.657032,-2.392822,-5.694918
-7.590033,-2.316252,-5.608776
-7.590033,-2.316252,-5.608776
-7.590033,-2.316252,-5.608776
-7.494320,-2.277967,-5.723631
-7.494320,-2.277967,-5.723631
-7.494320,-2.277967,-5.723631
-7.523034,-2.450250,-5.656633
-7.523034,-2.450250,-5.656633
-7.523034,-2.450250,-5.656633
-7.523034,-2.450250,-5.656633
-7.465606,-2.268395,-5.771488
-7.465606,-2.268395,-5.771488
-7.465606,-2.268395,-5.771488
-7.465606,-2.277967,-5.704489
-7.465606,-2.277967,-5.704489
-7.465606,-2.277967,-5.704489
-7.513463,-2.344966,-5.704489
-7.513463,-2.344966,-5.704489
-7.513463,-2.344966,-5.704489
-7.513463,-2.344966,-5.704489
-7.513463,-2.354537,-5.675775
-7.513463,-2.354537,-5.675775
-7.513463,-2.354537,-5.675775
-7.580462,-2.325823,-5.647061
-7.580462,-2.325823,-5.647061
-7.580462,-2.325823,-5.647061
-7.532605,-2.287538,-5.685346
-7.532605,-2.287538,-5.685346
-7.532605,-2.287538,-5.685346
-7.532605,-2.287538,-5.685346
-7.695317,-2.344966,-5.752345
-7.695317,-2.344966,-5.752345
-7.695317,-2.344966,-5.752345
-7.475177,-2.344966,-5.714060
-7.475177,-2.344966,-5.714060
-7.475177,-2.344966,-5.714060
-7.513463,-2.392822,-5.752345
-7.513463,-2.392822,-5.752345
-7.513463,-2.392822,-5.752345
-7.513463,-2.392822,-5.752345
-7.532605,-2.297109,-5.666204
-7.532605,-2.297109,-5.666204
-7.532605,-2.297109,-5.666204
-7.484749,-2.354537,-5.714060
-7.484749,-2.354537,-5.714060
-7.484749,-2.354537,-5.714060
-7.484749,-2.354537,-5.714060
-7.905886,-2.498106,-5.723631
-7.905886,-2.498106,-5.723631
-7.905886,-2.498106,-5.723631
-7.513463,-2.440679,-5.694918
-7.513463,-2.440679,-5.694918
-7.513463,-2.440679,-5.694918
-7.551748,-2.392822,-5.761916
-7.551748,-2.392822,-5.761916
-7.551748,-2.392822,-5.761916
-7.551748,-2.392822,-5.761916
-7.561319,-2.335394,-5.771488
-7.561319,-2.335394,-5.771488
-7.561319,-2.335394,-5.771488
-7.484749,-2.249253,-5.828916
-7.484749,-2.249253,-5.828916
-7.484749,-2.249253,-5.828916
-7.484749,-2.297109,-5.685346
-7.484749,-2.297109,-5.685346
-7.484749,-2.297109,-5.685346
-7.484749,-2.297109,-5.685346
-7.408179,-2.335394,-5.685346
-7.408179,-2.335394,-5.685346
-7.408179,-2.335394,-5.685346
-7.446464,-2.268395,-5.838487
-7.446464,-2.268395,-5.838487
-7.446464,-2.268395,-5.838487
-7.475177,-2.335394,-5.733203
-7.475177,-2.335394,-5.733203
-7.475177,-2.335394,-5.733203
-7.475177,-2.335394,-5.733203
-7.503892,-2.287538,-5.771488
-7.503892,-2.287538,-5.771488
-7.503892,-2.287538,-5.771488
-7.446464,-2.287538,-5.704489
-7.446464,-2.287538,-5.704489
-7.446464,-2.287538,-5.704489
-7.580462,-2.373680,-5.666204
-7.580462,-2.373680,-5.666204
-7.580462,-2.373680,-5.666204
-7.580462,-2.373680,-5.666204
-7.542177,-2.373680,-5.800202
-7.542177,-2.373680,-5.800202
-7.542177,-2.373680,-5.800202
-7.542177,-2.383251,-5.714060
-7.542177,-2.383251,-5.714060
-7.542177,-2.383251,-5.714060
-7.503892,-2.297109,-5.694918
-7.503892,-2.297109,-5.694918
-7.503892,-2.297109,-5.694918
-7.503892,-2.297109,-5.694918
-7.542177,-2.220539,-5.733203
-7.542177,-2.220539,-5.733203
-7.542177,-2.220539,-5.733203
-7.446464,-2.153540,-5.828916
-7.446464,-2.153540,-5.828916
-7.446464,-2.153540,-5.828916
-7.446464,-2.153540,-5.828916
-7.503892,-2.153540,-5.771488
-7.503892,-2.153540,-5.771488
-7.503892,-2.153540,-5.771488
-7.465606,-2.306681,-5.761916
-7.465606,-2.306681,-5.761916
-7.465606,-2.306681,-5.761916
-7.417750,-2.306681,-5.752345
-7.417750,-2.306681,-5.752345
-7.417750,-2.306681,-5.752345
-7.417750,-2.306681,-5.752345
-7.456035,-2.287538,-5.790631
-7.456035,-2.287538,-5.790631
-7.456035,-2.287538,-5.790631
-7.532605,-2.249253,-5.637490
-7.532605,-2.249253,-5.637490
-7.532605,-2.249253,-5.637490
-7.465606,-2.239682,-5.723631
-7.465606,-2.239682,-5.723631
-7.465606,-2.239682,-5.723631
-7.465606,-2.239682,-5.723631
-7.389036,-2.268395,-5.704489
-7.389036,-2.268395,-5.704489
-7.389036,-2.268395,-5.704489
-7.484749,-2.230110,-5.685346
-7.484749,-2.230110,-5.685346
-7.484749,-2.230110,-5.685346
-7.398607,-2.134397,-5.924629
-7.398607,-2.134397,-5.924629
-7.398607,-2.134397,-5.924629
-7.398607,-2.134397,-5.924629
-7.475177,-2.230110,-5.838487
-7.475177,-2.230110,-5.838487
-7.475177,-2.230110,-5.838487
-7.475177,-2.249253,-5.694918
-7.475177,-2.249253,-5.694918
-7.475177,-2.249253,-5.694918
-7.513463,-2.258824,-5.685346
-7.513463,-2.258824,-5.685346
-7.513463,-2.258824,-5.685346
-7.513463,-2.258824,-5.685346
-7.513463,-2.201396,-5.819344
-7.513463,-2.201396,-5.819344
-7.513463,-2.201396,-5.819344
-7.484749,-2.383251,-5.704489
-7.484749,-2.383251,-5.704489
-7.484749,-2.383251,-5.704489
-7.618747,-2.316252,-5.790631
-7.618747,-2.316252,-5.790631
-7.618747,-2.316252,-5.790631
-7.618747,-2.316252,-5.790631
-7.398607,-2.230110,-5.943771
-7.398607,-2.230110,-5.943771
-7.398607,-2.230110,-5.943771
-7.475177,-2.287538,-5.704489
-7.475177,-2.287538,-5.704489
-7.475177,-2.287538,-5.704489
-7.475177,-2.076970,-6.106483
-7.513463,-2.076970,-6.106483
-7.513463,-2.076970,-6.106483
-7.513463,-2.076970,-6.106483
-7.427321,-2.258824,-5.800202
-7.427321,-2.258824,-5.800202
-7.427321,-2.258824,-5.800202
-7.398607,-2.316252,-5.761916
-7.398607,-2.316252,-5.761916
-7.398607,-2.316252,-5.761916
-7.398607,-2.316252,-5.761916
-7.456035,-2.249253,-5.761916
-7.456035,-2.249253,-5.761916
-7.456035,-2.249253,-5.761916
-7.637890,-2.220539,-5.733203
-7.637890,-2.220539,-5.733203
-7.637890,-2.220539,-5.733203
-7.417750,-2.239682,-5.819344
-7.417750,-2.239682,-5.819344
-7.417750,-2.239682,-5.819344
-7.417750,-2.239682,-5.819344
-7.427321,-2.325823,-5.819344
-7.427321,-2.325823,-5.819344
-7.427321,-2.325823,-5.819344
-7.475177,-2.277967,-5.733203
-7.475177,-2.277967,-5.733203
-7.475177,-2.277967,-5.733203
-7.542177,-2.392822,-5.742774
-7.542177,-2.392822,-5.742774
-7.542177,-2.392822,-5.742774
-7.542177,-2.392822,-5.742774
-7.417750,-2.287538,-5.771488
-7.417750,-2.287538,-5.771488
-7.417750,-2.287538,-5.771488
-7.494320,-2.210968,-5.828916
-7.494320,-2.210968,-5.828916
-7.494320,-2.210968,-5.828916
-7.379464,-2.182254,-5.790631
-7.379464,-2.182254,-5.790631
-7.379464,-2.182254,-5.790631
-7.379464,-2.182254,-5.790631
-7.456035,-2.258824,-5.781059
-7.456035,-2.258824,-5.781059
-7.456035,-2.258824,-5.781059
-7.417750,-2.306681,-5.761916
-7.417750,-2.306681,-5.761916
-7.417750,-2.306681,-5.761916
-7.513463,-2.191825,-5.848058
-7.513463,-2.191825,-5.848058
-7.513463,-2.191825,-5.848058
-7.513463,-2.191825,-5.848058
-7.475177,-2.191825,-5.694918
-7.475177,-2.191825,-5.694918
-7.475177,-2.191825,-5.694918
-7.389036,-2.220539,-5.781059
-7.389036,-2.220539,-5.781059
-7.389036,-2.220539,-5.781059
-7.408179,-2.239682,-5.733203
-7.408179,-2.239682,-5.733203
-7.408179,-2.239682,-5.733203
-7.408179,-2.239682,-5.733203
-7.532605,-2.297109,-5.800202
-7.532605,-2.297109,-5.800202
-7.532605,-2.297109,-5.800202
-7.379464,-2.249253,-5.790631
-7.379464,-2.249253,-5.790631
-7.379464,-2.249253,-5.790631
-7.379464,-2.249253,-5.790631
-7.513463,-2.306681,-5.694918
-7.513463,-2.306681,-5.694918
-7.513463,-2.306681,-5.694918
-7.408179,-2.306681,-5.790631
-7.408179,-2.306681,-5.790631
-7.408179,-2.306681,-5.790631
-7.523034,-2.258824,-5.819344
-7.523034,-2.258824,-5.819344
-7.523034,-2.258824,-5.819344
-7.523034,-2.258824,-5.819344
-7.427321,-2.306681,-5.886343
-7.427321,-2.306681,-5.886343
-7.427321,-2.306681,-5.886343
-7.456035,-2.249253,-5.828916
-7.456035,-2.249253,-5.828916
-7.456035,-2.249253,-5.828916
-7.369893,-2.306681,-5.876772
-7.369893,-2.306681,-5.876772
-7.369893,-2.306681,-5.876772
-7.369893,-2.306681,-5.876772
-7.436892,-2.172683,-5.828916
-7.436892,-2.172683,-5.828916
-7.436892,-2.172683,-5.828916
-7.398607,-2.277967,-5.819344
-7.398607,-2.277967,-5.819344
-7.398607,-2.277967,-5.819344
-7.417750,-2.182254,-5.714060
-7.417750,-2.182254,-5.714060
-7.417750,-2.182254,-5.714060
-7.417750,-2.182254,-5.714060
-7.484749,-2.201396,-5.800202
-7.484749,-2.201396,-5.800202
-7.484749,-2.201396,-5.800202
-7.503892,-2.201396,-5.771488
-7.503892,-2.201396,-5.771488
-7.503892,-2.201396,-5.771488
-7.503892,-2.277967,-5.790631
-7.503892,-2.277967,-5.790631
-7.503892,-2.277967,-5.790631
-7.503892,-2.277967,-5.790631
-7.408179,-2.124826,-5.800202
-7.408179,-2.124826,-5.800202
-7.408179,-2.124826,-5.800202
-7.436892,-2.249253,-5.915057
-7.436892,-2.249253,-5.915057
-7.436892,-2.249253,-5.915057
-7.456035,-2.335394,-5.781059
-7.456035,-2.335394,-5.781059
-7.456035,-2.335394,-5.781059
-7.456035,-2.335394,-5.781059
-7.590033,-2.220539,-5.790631
-7.590033,-2.220539,-5.790631
-7.590033,-2.220539,-5.790631
-7.532605,-2.143969,-5.771488
-7.532605,-2.143969,-5.771488
-7.532605,-2.143969,-5.771488
-7.532605,-2.143969,-5.828916
-7.322037,-2.373680,-5.828916
-7.322037,-2.373680,-5.828916
-7.322037,-2.373680,-5.828916
-7.465606,-2.277967,-5.752345
-7.465606,-2.277967,-5.752345
-7.465606,-2.277967,-5.752345
-7.513463,-2.201396,-5.819344
-7.513463,-2.201396,-5.819344
-7.513463,-2.201396,-5.819344
-7.513463,-2.201396,-5.819344
-7.465606,-2.182254,-5.599205
-7.465606,-2.182254,-5.599205
-7.465606,-2.182254,-5.599205
-7.465606,-2.249253,-5.771488
-7.465606,-2.249253,-5.771488
-7.465606,-2.249253,-5.771488
-7.523034,-2.134397,-5.886343
-7.523034,-2.134397,-5.886343
-7.523034,-2.134397,-5.886343
-7.523034,-2.134397,-5.886343
-7.398607,-2.201396,-5.857629
-7.398607,-2.201396,-5.857629
-7.398607,-2.201396,-5.857629
-7.398607,-2.287538,-5.828916
-7.398607,-2.287538,-5.828916
-7.398607,-2.287538,-5.828916
-7.456035,-2.153540,-5.761916
-7.456035,-2.153540,-5.761916
-7.456035,-2.153540,-5.761916
-7.456035,-2.153540,-5.761916
-7.436892,-2.201396,-5.771488
-7.436892,-2.201396,-5.771488
-7.436892,-2.201396,-5.771488
-7.523034,-2.134397,-5.905486
-7.523034,-2.134397,-5.905486
-7.523034,-2.134397,-5.905486
-7.456035,-2.239682,-5.781059
-7.456035,-2.239682,-5.781059
-7.456035,-2.239682,-5.781059
-7.456035,-2.239682,-5.781059
-7.465606,-2.163111,-5.761916
-7.465606,-2.163111,-5.761916
-7.465606,-2.163111,-5.761916
-7.465606,-2.201396,-5.733203
-7.465606,-2.201396,-5.733203
-7.465606,-2.201396,-5.733203
-7.503892,-2.239682,-5.694918
-7.503892,-2.239682,-5.694918
-7.503892,-2.239682,-5.694918
-7.503892,-2.239682,-5.694918
-7.465606,-2.277967,-5.752345
-7.465606,-2.277967,-5.752345
-7.465606,-2.277967,-5.752345
-7.542177,-2.220539,-5.819344
-7.542177,-2.220539,-5.819344
-7.542177,-2.220539,-5.819344
-7.580462,-2.258824,-5.608776
-7.580462,-2.258824,-5.608776
-7.580462,-2.258824,-5.608776
-7.580462,-2.258824,-5.608776
-7.532605,-2.143969,-5.809773
-7.532605,-2.143969,-5.809773
-7.532605,-2.143969,-5.809773
-7.523034,-2.364108,-5.627918
-7.523034,-2.364108,-5.627918
-7.523034,-2.364108,-5.627918
-7.523034,-2.364108,-5.627918
-7.475177,-2.268395,-5.714060
-7.475177,-2.268395,-5.714060
-7.475177,-2.268395,-5.714060
-7.609176,-2.297109,-5.838487
-7.609176,-2.297109,-5.838487
-7.609176,-2.297109,-5.838487
-7.436892,-2.210968,-5.886343
-7.436892,-2.210968,-5.886343
-7.436892,-2.210968,-5.886343
-7.436892,-2.210968,-5.886343
-7.609176,-2.230110,-5.895915
-7.609176,-2.230110,-5.895915
-7.609176,-2.230110,-5.895915
-7.408179,-2.249253,-5.771488
-7.408179,-2.249253,-5.771488
-7.408179,-2.249253,-5.771488
-7.590033,-2.191825,-5.915057
-7.590033,-2.191825,-5.915057
-7.590033,-2.191825,-5.915057
-7.590033,-2.191825,-5.915057
-7.513463,-2.287538,-5.733203
-7.513463,-2.287538,-5.733203
-7.513463,-2.287538,-5.733203
-7.580462,-2.201396,-5.905486
-7.580462,-2.201396,-5.905486
-7.580462,-2.201396,-5.905486
-7.503892,-2.249253,-5.752345
-7.503892,-2.249253,-5.752345
-7.503892,-2.249253,-5.752345
-7.503892,-2.249253,-5.752345
-7.503892,-2.182254,-5.761916
-7.503892,-2.182254,-5.761916
-7.503892,-2.182254,-5.761916
-7.532605,-2.287538,-5.819344
-7.532605,-2.287538,-5.819344
-7.532605,-2.287538,-5.819344
-7.570890,-2.115255,-5.867201
-7.570890,-2.115255,-5.867201
-7.570890,-2.115255,-5.867201
-7.570890,-2.115255,-5.867201
-7.484749,-2.201396,-5.790631
-7.484749,-2.201396,-5.790631
-7.484749,-2.201396,-5.790631
-7.494320,-2.316252,-5.752345
-7.494320,-2.316252,-5.752345
-7.494320,-2.316252,-5.752345
-7.580462,-2.172683,-5.809773
-7.580462,-2.172683,-5.809773
-7.580462,-2.172683,-5.809773
-7.580462,-2.172683,-5.809773
-7.551748,-2.163111,-5.809773
-7.551748,-2.163111,-5.809773
-7.551748,-2.163111,-5.809773
-7.475177,-2.297109,-5.800202
-7.475177,-2.297109,-5.800202
-7.475177,-2.297109,-5.800202
-7.475177,-2.297109,-5.800202
-7.599604,-2.431107,-6.077769
-7.599604,-2.431107,-6.077769
-7.599604,-2.431107,-6.077769
-7.465606,-2.220539,-5.771488
-7.465606,-2.220539,-5.771488
-7.465606,-2.220539,-5.771488
-7.446464,-2.220539,-5.694918
-7.446464,-2.220539,-5.694918
-7.446464,-2.220539,-5.694918
-7.446464,-2.220539,-5.694918
-7.494320,-2.277967,-5.742774
-7.494320,-2.277967,-5.742774
-7.494320,-2.277967,-5.742774
-7.427321,-2.239682,-5.752345
-7.427321,-2.239682,-5.752345
-7.427321,-2.239682,-5.752345
-7.465606,-2.182254,-5.867201
-7.465606,-2.182254,-5.867201
-7.465606,-2.182254,-5.867201
-7.465606,-2.182254,-5.867201
-7.503892,-2.182254,-5.809773
-7.503892,-2.182254,-5.809773
-7.503892,-2.182254,-5.809773
-7.513463,-2.210968,-5.895915
-7.513463,-2.210968,-5.895915
-7.513463,-2.210968,-5.895915
-7.427321,-2.230110,-5.886343
-7.427321,-2.230110,-5.886343
-7.427321,-2.230110,-5.886343
-7.427321,-2.230110,-5.886343
-7.427321,-2.258824,-5.790631
-7.427321,-2.258824,-5.790631
-7.427321,-2.258824,-5.790631
-7.465606,-2.249253,-5.876772
-7.465606,-2.249253,-5.876772
-7.465606,-2.249253,-5.876772
-7.465606,-2.115255,-5.781059
-7.465606,-2.115255,-5.781059
-7.465606,-2.115255,-5.781059
-7.465606,-2.115255,-5.781059
-7.436892,-2.210968,-5.800202
-7.436892,-2.210968,-5.800202
-7.436892,-2.210968,-5.800202
-7.360322,-2.191825,-5.761916
-7.360322,-2.191825,-5.761916
-7.360322,-2.191825,-5.761916
-7.484749,-2.096112,-5.742774
-7.484749,-2.096112,-5.742774
-7.484749,-2.096112,-5.742774
-7.484749,-2.096112,-5.742774
-7.494320,-2.210968,-5.828916
-7.494320,-2.210968,-5.828916
-7.494320,-2.210968,-5.828916
-7.379464,-2.172683,-5.876772
-7.379464,-2.172683,-5.876772
-7.379464,-2.172683,-5.876772
-7.379464,-2.172683,-5.493920
-7.494320,-1.981257,-5.493920
-7.494320,-1.981257,-5.493920
-7.494320,-1.981257,-5.493920
-7.475177,-2.210968,-5.819344
-7.475177,-2.210968,-5.819344
-7.475177,-2.210968,-5.819344
-7.456035,-2.143969,-5.838487
-7.456035,-2.143969,-5.838487
-7.456035,-2.143969,-5.838487
-7.456035,-2.143969,-5.838487
-7.513463,-2.230110,-5.848058
-7.513463,-2.230110,-5.848058
-7.513463,-2.230110,-5.848058
-7.532605,-2.201396,-5.675775
-7.532605,-2.201396,-5.675775
-7.532605,-2.201396,-5.675775
-7.513463,-2.067398,-5.886343
-7.513463,-2.067398,-5.886343
-7.513463,-2.067398,-5.886343
-7.513463,-2.067398,-5.886343
-7.551748,-2.086541,-5.876772
-7.551748,-2.086541,-5.876772
-7.551748,-2.086541,-5.876772
-7.379464,-2.124826,-5.809773
-7.379464,-2.124826,-5.809773
-7.379464,-2.124826,-5.809773
-7.551748,-2.134397,-5.972485
-7.551748,-2.134397,-5.972485
-7.551748,-2.134397,-5.972485
-7.551748,-2.134397,-5.972485
-7.484749,-2.172683,-5.781059
-7.484749,-2.172683,-5.781059
-7.484749,-2.172683,-5.781059
-7.360322,-2.134397,-5.828916
-7.360322,-2.134397,-5.828916
-7.360322,-2.134397,-5.828916
-7.417750,-2.115255,-5.828916
-7.417750,-2.115255,-5.828916
-7.417750,-2.115255,-5.828916
-7.417750,-2.115255,-5.828916
-7.532605,-2.143969,-5.800202
-7.532605,-2.143969,-5.800202
-7.532605,-2.143969,-5.800202
-7.475177,-2.191825,-5.704489
-7.475177,-2.191825,-5.704489
-7.475177,-2.191825,-5.704489
-7.398607,-2.124826,-5.943771
-7.398607,-2.124826,-5.943771
-7.398607,-2.124826,-5.943771
-7.398607,-2.124826,-5.943771
-7.408179,-2.096112,-5.838487
-7.408179,-2.096112,-5.838487
-7.408179,-2.096112,-5.838487
-7.436892,-2.134397,-5.895915
-7.436892,-2.134397,-5.895915
-7.436892,-2.134397,-5.895915
-7.456035,-2.402393,-6.135197
-7.456035,-2.402393,-6.135197
-7.456035,-2.402393,-6.135197
-7.456035,-2.402393,-6.135197
-7.436892,-2.172683,-5.886343
-7.436892,-2.172683,-5.886343
-7.436892,-2.172683,-5.886343
-7.503892,-2.105683,-6.010770
-7.503892,-2.105683,-6.010770
-7.503892,-2.105683,-6.010770
-7.503892,-2.105683,-6.010770
-7.436892,-2.172683,-5.848058
-7.436892,-2.172683,-5.848058
-7.436892,-2.172683,-5.848058
-7.503892,-2.163111,-5.972485
-7.503892,-2.163111,-5.972485
-7.503892,-2.163111,-5.972485
-7.475177,-2.153540,-5.752345
-7.475177,-2.153540,-5.752345
-7.475177,-2.153540,-5.752345
-7.475177,-2.153540,-5.752345
-7.389036,-2.067398,-5.867201
-7.389036,-2.067398,-5.867201
-7.389036,-2.067398,-5.867201
-7.475177,-2.182254,-5.838487
-7.475177,-2.182254,-5.838487
-7.475177,-2.182254,-5.838487
-7.417750,-2.115255,-5.800202
-7.417750,-2.115255,-5.800202
-7.417750,-2.115255,-5.800202
-7.417750,-2.115255,-5.800202
-7.523034,-2.067398,-5.915057
-7.523034,-2.067398,-5.915057
-7.523034,-2.067398,-5.915057
-7.436892,-2.172683,-5.857629
-7.436892,-2.172683,-5.857629
-7.436892,-2.172683,-5.857629
-7.398607,-2.191825,-5.809773
-7.398607,-2.191825,-5.809773
-7.398607,-2.191825,-5.809773
-7.398607,-2.191825,-5.809773
-7.322037,-2.067398,-5.809773
-7.322037,-2.067398,-5.809773
-7.322037,-2.067398,-5.809773
-7.494320,-2.172683,-5.838487
-7.494320,-2.172683,-5.838487
-7.494320,-2.172683,-5.838487
-7.408179,-2.067398,-5.809773
-7.408179,-2.067398,-5.809773
-7.408179,-2.067398,-5.809773
-7.408179,-2.067398,-5.809773
-7.398607,-2.105683,-5.828916
-7.398607,-2.105683,-5.828916
-7.398607,-2.105683,-5.828916
-7.523034,-2.163111,-5.809773
-7.523034,-2.163111,-5.809773
-7.523034,-2.163111,-5.809773
-7.465606,-2.182254,-5.781059
-7.465606,-2.182254,-5.781059
-7.465606,-2.182254,-5.781059
-7.465606,-2.182254,-5.781059
-7.484749,-2.220539,-5.809773
-7.484749,-2.220539,-5.809773
-7.484749,-2.220539,-5.809773
-7.465606,-2.220539,-5.943771
-7.465606,-2.220539,-5.943771
-7.465606,-2.220539,-5.943771
-7.465606,-2.220539,-5.943771
-7.494320,-2.191825,-5.771488
-7.494320,-2.191825,-5.771488
-7.494320,-2.191825,-5.771488
-7.417750,-2.220539,-5.886343
-7.417750,-2.220539,-5.886343
-7.417750,-2.220539,-5.886343
-7.456035,-2.124826,-5.800202
-7.456035,-2.124826,-5.800202
-7.456035,-2.124826,-5.800202
-7.456035,-2.124826,-5.800202
-7.503892,-2.076970,-5.915057
-7.503892,-2.076970,-5.915057
-7.503892,-2.076970,-5.915057
-7.436892,-2.182254,-5.848058
-7.436892,-2.182254,-5.848058
-7.436892,-2.182254,-5.848058
-7.389036,-2.201396,-5.886343
-7.389036,-2.201396,-5.886343
-7.389036,-2.201396,-5.886343
-7.389036,-2.201396,-5.886343
-7.427321,-2.105683,-5.857629
-7.427321,-2.105683,-5.857629
-7.427321,-2.105683,-5.857629
-7.503892,-2.134397,-5.838487
-7.503892,-2.134397,-5.838487
-7.503892,-2.134397,-5.838487
-7.389036,-2.115255,-5.934200
-7.389036,-2.115255,-5.934200
-7.389036,-2.115255,-5.934200
-7.389036,-2.115255,-5.934200
-7.389036,-2.115255,-5.895915
-7.389036,-2.115255,-5.895915
-7.389036,-2.115255,-5.895915
-7.465606,-2.115255,-5.800202
-7.465606,-2.115255,-5.800202
-7.465606,-2.115255,-5.800202
-7.446464,-2.172683,-5.857629
-7.446464,-2.172683,-5.857629
-7.446464,-2.172683,-5.857629
-7.446464,-2.172683,-5.857629
-7.475177,-2.163111,-5.886343
-7.475177,-2.163111,-5.886343
-7.475177,-2.163111,-5.886343
-7.456035,-2.134397,-5.867201
-7.456035,-2.134397,-5.867201
-7.456035,-2.134397,-5.867201
-7.427321,-2.220539,-5.838487
-7.427321,-2.220539,-5.838487
-7.427321,-2.220539,-5.838487
-7.427321,-2.220539,-5.838487
-7.484749,-2.191825,-5.915057
-7.484749,-2.191825,-5.915057
-7.484749,-2.191825,-5.915057
-7.398607,-2.038684,-5.886343
-7.398607,-2.038684,-5.886343
-7.398607,-2.038684,-5.886343
-7.398607,-2.038684,-6.010770
-7.427321,-2.096112,-6.010770
-7.427321,-2.096112,-6.010770
-7.427321,-2.096112,-6.010770
-7.408179,-2.009971,-5.924629
-7.408179,-2.009971,-5.924629
-7.408179,-2.009971,-5.924629
-7.417750,-2.124826,-5.934200
-7.417750,-2.124826,-5.934200
-7.417750,-2.124826,-5.934200
-7.417750,-2.124826,-5.934200
-7.436892,-2.057827,-5.934200
-7.436892,-2.057827,-5.934200
-7.436892,-2.057827,-5.934200
-7.417750,-2.220539,-5.800202
-7.417750,-2.220539,-5.800202
-7.417750,-2.220539,-5.800202
-7.465606,-2.287538,-5.656633
-7.465606,-2.287538,-5.656633
-7.465606,-2.287538,-5.656633
-7.465606,-2.287538,-5.656633
-7.465606,-2.182254,-5.876772
-7.465606,-2.182254,-5.876772
-7.465606,-2.182254,-5.876772
-7.436892,-2.105683,-5.828916
-7.436892,-2.105683,-5.828916
-7.436892,-2.105683,-5.828916
-7.446464,-2.210968,-5.962914
-7.446464,-2.210968,-5.962914
-7.446464,-2.210968,-5.962914
-7.446464,-2.210968,-5.962914
-7.513463,-2.134397,-5.867201
-7.513463,-2.134397,-5.867201
-7.513463,-2.134397,-5.867201
-7.427321,-2.230110,-6.049055
-7.427321,-2.230110,-6.049055
-7.427321,-2.230110,-6.049055
-7.561319,-2.143969,-5.905486
-7.561319,-2.143969,-5.905486
-7.561319,-2.143969,-5.905486
-7.561319,-2.143969,-5.905486
-7.456035,-2.124826,-5.867201
-7.456035,-2.124826,-5.867201
-7.456035,-2.124826,-5.867201
-7.523034,-2.201396,-5.934200
-7.523034,-2.201396,-5.934200
-7.523034,-2.201396,-5.934200
-7.417750,-2.201396,-5.790631
-7.417750,-2.201396,-5.790631
-7.417750,-2.201396,-5.790631
-7.417750,-2.201396,-5.790631
-7.360322,-2.182254,-6.010770
-7.360322,-2.182254,-6.010770
-7.360322,-2.182254,-6.010770
-7.465606,-2.096112,-6.001199
-7.465606,-2.096112,-6.001199
-7.465606,-2.096112,-6.001199
-7.436892,-1.962114,-5.541777
-7.436892,-1.962114,-5.541777
-7.436892,-1.962114,-5.541777
-7.436892,-1.962114,-5.541777
-7.494320,-1.904686,-6.297909
-7.494320,-1.904686,-6.297909
-7.494320,-1.904686,-6.297909
-7.312466,-2.201396,-5.857629
-7.312466,-2.201396,-5.857629
-7.312466,-2.201396,-5.857629
-7.312466,-2.201396,-5.857629
-7.159325,-1.847259,-6.269195
-7.159325,-1.847259,-6.269195
-7.159325,-1.847259,-6.269195
-7.494320,-1.818545,-6.125626
-7.494320,-1.818545,-6.125626
-7.494320,-1.818545,-6.125626
-7.427321,-1.780260,-6.173482
-7.427321,-1.780260,-6.173482
-7.427321,-1.780260,-6.173482
-7.427321,-1.780260,-6.173482
-7.369893,-1.617548,-6.020341
-7.369893,-1.617548,-6.020341
-7.369893,-1.617548,-6.020341
-7.312466,-1.560120,-6.039484
-7.312466,-1.560120,-6.039484
-7.312466,-1.560120,-6.039484
-7.331608,-1.818545,-6.259624
-7.331608,-1.818545,-6.259624
-7.331608,-1.818545,-6.259624
-7.331608,-1.818545,-6.259624
-7.274181,-1.579262,-6.259624
-7.274181,-1.579262,-6.259624
-7.274181,-1.579262,-6.259624
-7.226324,-1.512263,-6.317051
-7.226324,-1.512263,-6.317051
-7.226324,-1.512263,-6.317051
-7.245466,-1.579262,-6.336194
-7.245466,-1.579262,-6.336194
-7.245466,-1.579262,-6.336194
-7.245466,-1.579262,-6.336194
-7.168896,-1.464407,-6.307480
-7.168896,-1.464407,-6.307480
-7.168896,-1.464407,-6.307480
