84421
84423
84419
84424
84404
84416
84398
84418
84401
84429
84460
84456
84455
84461
84435
84432
84429
84453
84425
84424
84428
84413
84463
84443
84445
84443
84434
84434
84438
84431
84444
84460
84490
84486
84503
84478
84481
84481
84482
84477
84493
84519
84533
84554
84579
84604
84596
84650
84617
84596
84608
84588
84595
84566
84546
84543
84524
84507
84487
84457
84456
84474
84478
84467
84459
84447
84458
84460
84480
84492
84512
84512
84532
84502
84535
84554
84549
84559
84550
84548
84558
84586
84594
84612
84610
84600
84602
84595
84586
84559
84556
84568
84560
84552
84563
84546
84566
84556
84501
84569
84569
84566
84566
84581
84565
84575
84560
84572
84551
84575
84587
84594
84599
84601
84635
84630
84636
84643
84625
84630
84624
84627
84588
84542
84610
84605
84608
84618
84601
84616
84601
84594
84586
84600
84585
84575
84590
84592
84590
84609
84616
84608
84609
84619
84632
84622
84653
84649
84590
84662
84673
84655
84654
84661
84644
84664
84638
84622
84620
84612
84626
84632
84619
84610
84626
84618
84606
84593
84615
84591
84606
84621
84631
84589
84654
84644
84668
84676
84702
84701
84725
84724
84731
84751
84755
84759
84747
84755
84732
84726
84725
84706
84713
84709
84700
84697
84687
84693
84683
84698
84672
84677
84673
84678
84673
84691
84690
84707
84709
84718
84710
84713
84737
84747
84741
84748
84765
84769
84785
84797
84785
84830
84824
84869
84824
84829
84812
84821
84799
84801
84778
84789
84791
84781
84763
84770
84744
84734
84744
84740
84745
84737
84740
84728
84736
84744
84739
84751
84793
84758
84772
84787
84781
84782
84790
84810
84765
84799
84795
84822
84809
84834
84844
84839
84825
84816
84822
84789
84799
84779
84765
84767
84772
84795
84750
84738
84742
84734
84734
84737
84734
84739
84743
84758
84754
84783
84794
84812
84813
84811
84820
84816
84824
84838
84835
84853
84870
84866
84899
84820
84838
84818
84813
84810
84808
84779
84794
84808
84806
84795
84814
84812
84784
84807
84821
84806
84819
84811
84821
84833
84838
84848
84850
84870
84888
84882
84875
84888
84915
84884
84897
84893
84886
84884
84861
84866
84858
84847
84865
84834
84835
84833
84825
84831
84822
84851
84844
84841
84845
84824
84857
84842
84851
84864
84858
84873
84912
84897
84926
84932
84930
84926
84957
84954
84973
84972
84959
84917
84908
84918
84886
84888
84875
84864
84821
84844
84820
84808
84814
84821
84813
84798
84781
84777
84775
84798
84807
84819
84822
84820
84831
84837
84832
84820
84866
84871
84857
84843
84877
84795
84874
84876
84876
84853
84831
84812
84816
84793
84784
84782
84773
84737
84745
84744
84730
84728
84720
84710
84722
84755
84749
84726
84709
84718
84686
84743
84754
84766
84784
84778
84777
84795
84792
84797
84796
84812
84824
84805
84799
84775
84777
84769
84781
84796
84766
84739
84765
84734
84754
84712
84727
84725
84746
84729
84733
84737
84709
84731
84747
84736
84757
84776
84767
84758
84770
84777
84777
84780
84774
84791
84808
84816
84812
84796
84786
84749
84741
84727
84723
84666
84679
84673
84689
84669
84690
84689
84684
84684
84687
84688
84676
84666
84665
84665
84661
84668
84677
84689
84674
84685
84651
84640
84653
84664
84693
84704
84691
84702
84686
84681
84688
84669
84639
84618
84597
84602
84593
84596
84585
84585
84570
84572
84584
84585
84606
84605
84601
84596
84607
84626
84631
84642
84657
84651
84651
84665
84646
84645
84668
84667
84644
84657
84649
84638
84620
84602
84580
84550
84564
84574
84537
84525
84528
84521
84518
84536
84551
84561
84570
84568
84584
84590
84607
84610
84602
84639
84635
84633
84639
84642
84659
84651
84640
84654
84675
84633
84607
84609
84570
84588
84559
84560
84539
84549
84539
84545
84537
84528
84551
84549
84546
84526
84528
84529
84546
84565
84548
84542
84553
84610
84548
84563
84529
84551
84560
84573
84554
84555
84583
84593
84607
84582
84614
84578
84590
84569
84571
84561
84563
84539
84530
84544
84481
84506
84565
84509
84481
84493
84494
84507
84531
84521
84512
84518
84543
84542
84541
84555
84542
84542
84554
84540
84551
84533
84574
84587
84588
84587
84589
84657
84552
84537
84572
84563
84530
84528
84522
84513
84517
84519
84525
84539
84553
84547
84561
84574
84575
84573
84568
84563
84548
84582
84614
84619
84652
84652
84655
84669
84688
84687
84663
84658
84682
84661
84638
84626
84639
84621
84631
84625
84625
84630
84609
84598
84599
84605
84611
84599
84628
84663
84635
84662
84664
84679
84687
84688
84691
84701
84716
84695
84716
84712
84709
84720
84697
84693
84702
84701
84672
84689
84667
84663
84673
84662
84675
84629
84658
84658
84648
84655
84649
84656
84647
84646
84642
84646
84638
84657
84657
84662
84682
84676
84682
84693
84676
84694
84704
84714
84745
84733
84732
84769
84774
84773
84779
84791
84776
84773
84769
84754
84744
84737
84720
84717
84738
84723
84729
84744
84701
84716
84720
84741
84719
84749
84755
84701
84768
84780
84789
84798
84818
84818
84830
84849
84850
84870
84846
84825
84841
84780
84796
84775
84767
84798
84775
84764
84744
84793
84764
84782
84728
84785
84774
84793
84817
84797
84819
84844
84857
84852
84876
84891
84905
84929
84906
84912
84924
84913
84923
84919
84916
84883
84890
84893
84885
84831
84898
84898
84910
84900
84882
84910
84900
84904
84882
84899
84886
84885
84878
84905
84910
84919
84926
84921
84921
84937
84911
84913
84935
84934
84892
84940
84932
84939
84932
84928
84940
84937
84934
84910
84901
84905
84893
84890
84897
84896
84879
84889
84865
84881
84888
84876
84869
84884
84873
84854
84884
84890
84895
84888
84905
84914
84906
84922
84927
84907
84947
84920
84905
84925
84908
84904
84899
84904
84887
84906
84884
84875
84878
84893
84848
84874
84880
84892
84866
84886
84862
84871
84906
84924
84934
84952
84975
84970
84983
84970
84959
84998
84989
84992
85002
85011
85008
85020
85002
84963
84964
84956
84963
84936
84935
84933
84914
84912
84928
84927
84919
84938
84926
84929
84927
84931
84923
84937
84934
84944
84976
84952
84968
84970
85001
84988
85000
85002
85002
85008
85006
85024
85029
85002
84992
84986
84983
84966
84964
84948
84936
84925
84934
84905
84902
84896
84891
84879
84878
84888
84850
84850
84849
84870
84863
84883
84890
84923
84920
84923
84947
84927
84941
84918
84952
84950
84969
84958
84953
84933
84947
84932
84894
84910
84953
84865
84860
84858
84853
84857
84847
84843
84845
84837
84835
84835
84853
84842
84853
84878
84872
84890
84895
84881
84901
84918
84928
84928
84941
84981
84945
84901
84929
84927
84912
84911
84872
84883
84869
84870
84847
84860
84857
84840
84846
84840
84850
84851
84847
84846
84848
84864
84867
84893
84932
84925
84933
84933
84945
84934
84955
84953
84954
84945
84941
84945
84953
84966
84959
84958
84953
84969
84959
84939
84922
84919
84891
84892
84903
84894
84909
84924
84935
84951
84934
84942
84952
84941
84961
84955
84943
84958
84952
84967
84987
85005
84992
84984
84964
84959
84954
84942
84930
84908
84895
84873
84869
84868
84882
84869
84851
84860
84848
84850
84853
84850
84834
84866
84830
84832
84824
84828
84822
84849
84853
84856
84872
84875
84869
84894
84866
84910
84916
84912
84900
84866
84857
84839
84833
84835
84812
84824
84815
84807
84802
84796
84776
84786
84774
84791
84768
84761
84769
84759
84760
84741
84782
84784
84808
84809
84810
84830
84823
84838
84820
84856
84843
84837
84829
84849
84838
84816
84831
84821
84812
84800
84794
84799
84793
84809
84782
84796
84794
84801
84829
84800
84808
84815
84816
84812
84820
84809
84827
84859
84839
84863
84885
84858
84885
84892
84885
84903
84882
84917
84888
84821
84867
84842
84861
84847
84837
84851
84835
84833
84808
84859
84859
84855
84837
84836
84825
84835
84806
84817
84818
84809
84819
84828
84859
84848
84836
84905
84887
84885
84917
84926
84928
84921
84918
84900
84894
84868
84862
84847
84842
84853
84834
