103966
103992
103959
103950
103956
103973
103952
103913
103798
103733
103659
103690
103714
103780
103814
103776
103745
103790
103677
103704
103728
103773
103794
103809
103808
103809
103850
103894
103892
103871
103904
103967
104043
104070
104083
104049
104032
104020
104035
104074
104113
104136
104240
103901
103781
103687
103654
103657
103613
103590
103572
103558
103589
103639
103656
103692
103720
103749
103762
103778
103768
103770
103798
103756
103784
103803
103858
103988
103852
103888
103911
103909
103941
103953
103968
104012
104044
104046
103994
103878
103767
103690
103681
103673
103718
103758
103785
103817
103810
103828
103841
103893
103930
104006
103799
103817
103843
103797
103771
103803
103808
103830
103867
103902
103972
103940
103930
103948
103963
103986
104006
104039
104053
104005
103948
103867
103832
103780
103864
103529
103493
103516
103522
103574
103653
103691
103759
103748
103721
103744
103760
103780
103764
103779
103803
103807
103818
103832
103873
103884
103899
103861
103914
103955
103808
103862
103884
103835
103752
103708
103684
103690
103653
103632
103569
103539
103490
103469
103480
103490
103505
103517
103505
103519
103503
103548
103559
103592
103640
103504
103547
103598
103630
103678
103694
103773
103839
103945
103976
103949
103947
103931
103911
103855
103862
103865
103828
103723
103552
103380
103268
103286
103329
103374
103444
103216
103266
103278
103312
103305
103324
103341
103359
103377
103391
103414
103468
103463
103448
103415
103489
103550
103595
103642
103666
103686
103693
103754
103760
103831
103635
103681
103713
103719
103708
103707
103772
103837
103907
103934
103960
103962
103908
103789
103663
103571
103566
103554
103547
103529
103577
103571
103572
103604
103710
103579
103579
103549
103586
103664
103729
103786
103771
103759
103692
103690
103724
103757
103797
103853
103859
103836
103853
103874
103919
103946
103980
103997
104041
104092
104119
103951
103963
103936
103968
103914
103854
103765
103682
103674
103673
103684
103704
103723
103738
103759
103779
103789
103831
103843
103845
103864
103876
103873
103849
103972
103821
103850
103862
103868
103832
103800
103777
103805
103868
103945
103950
103994
103974
103979
103993
104042
104090
104090
104096
104115
104174
104229
104302
104273
104173
103813
103790
103830
103885
103881
103863
103882
103872
103879
103894
103955
103976
103983
103917
103905
103890
103852
103871
103886
103876
103889
103907
103929
103984
104025
103869
103862
103895
103930
103957
104016
104043
104081
104126
104178
104205
104185
104164
104157
104185
104202
104253
104309
104315
104211
104143
104092
104120
104197
104215
104204
103778
103729
103743
103756
103792
103831
103863
103863
103880
103894
103900
103923
103943
103971
103990
103969
103977
103996
104004
104050
104085
104083
104111
104155
104304
104169
104186
104194
104247
104296
104273
104277
104235
104138
104015
103908
103893
103907
103913
103872
103860
103856
103854
103873
103938
104015
104078
104074
104077
104064
103909
103969
103966
104042
104100
104120
104098
104068
104024
104034
104028
104057
104104
104144
104179
104209
104293
104369
104476
104500
104488
104514
104424
104349
104275
103949
103921
103865
103863
103883
103886
103851
103822
103841
103900
103962
104024
104028
104021
104032
104038
104043
104030
104029
104061
104091
104108
104142
104186
104258
104425
104298
104259
104259
104212
104208
104168
104174
104177
104161
104172
104195
104180
104101
104043
103962
103992
103978
104008
103991
103968
103924
103919
103939
103934
104094
103853
103872
103888
103875
103882
103936
104039
104093
104115
104134
104177
104230
104295
104322
104300
104231
104193
104173
104164
104220
104227
104289
104384
104443
104535
104217
104174
104131
104116
104054
103968
103903
103880
103871
103893
103909
103967
104030
104034
104022
104031
104016
104009
104033
104070
104085
104104
104074
104100
104143
104034
104081
104134
104193
104222
104181
104173
104177
104266
104328
104361
104383
104336
104222
104127
104113
104126
104147
104130
104146
104168
104199
104151
104107
104134
104246
104033
104002
104055
104030
104005
103988
103971
103964
104009
104029
104069
104109
104136
104156
104169
104235
104304
104342
104343
104355
104341
104326
104345
104380
104459
104051
104016
103980
103931
103860
103844
103864
103901
103907
103901
103909
103921
103909
103924
103953
103998
104035
104045
104077
104085
104128
104132
104169
104209
104274
104199
104178
104145
104100
104026
103980
103939
103963
103984
104013
104026
104066
104094
104079
104077
103987
103876
103820
103815
103834
103829
103834
103807
103808
103837
103907
103803
103849
103853
103839
103799
103814
103831
103864
103888
103908
103964
104009
104074
104108
104155
104177
104194
104144
104151
104187
104233
104250
104313
104395
104513
104289
104238
104191
104093
103996
103969
103987
103972
103954
103902
103880
103829
103851
103895
103997
104003
103980
104014
104077
104165
104259
104364
104416
104394
104363
104117
104117
104116
104110
104114
104084
104089
104085
104133
104170
104238
104317
104406
104459
104484
104458
104434
104320
104256
104225
104226
104183
104137
104056
104006
103713
103717
103753
103801
103843
103890
103889
103922
103963
103985
104023
104039
104102
104083
104094
104111
104184
104267
104283
104280
104276
104256
104225
104230
104247
104308
104160
104225
104264
104265
104282
104310
104350
104364
104295
104187
104092
104094
104087
104107
104118
104096
104104
104091
104075
104045
104067
104112
104088
104094
104163
104077
104106
104090
104114
104111
104147
104173
104185
104184
104211
104202
104228
104260
104308
104370
104404
104443
104500
104520
104501
104481
104448
104440
104376
104356
104073
104089
104071
104063
104061
104061
104089
104153
104214
104262
104264
104204
104165
104166
104164
104195
104233
104278
104314
104333
104346
104339
104366
104331
104363
104392
104203
104241
104260
104291
104302
104331
104400
104437
104485
104494
104415
104280
104134
104086
104097
104123
104176
104222
104252
104330
104420
104522
104536
104576
104649
104283
104216
104218
104239
104239
104243
104251
104321
104339
104319
104292
104281
104258
104233
104207
104240
104258
104282
104297
104324
104362
104379
104397
104435
104521
104386
104363
104298
104200
104128
104092
104069
104062
104039
104012
104014
104030
104033
104063
104107
104162
104154
104138
104183
104211
104237
104250
104234
104286
104324
104380
104299
104369
104416
104408
104399
104402
104426
104446
104518
104525
104544
104576
104608
104657
104669
104647
104549
104432
104329
104320
104307
104306
104321
104321
104412
104134
104183
104228
104279
104272
104289
104299
104331
104316
104339
104341
104368
104398
104388
104452
104518
104551
104579
104584
104601
104626
104647
104659
104666
104730
104567
104546
104532
104428
104366
104340
104320
104333
104345
104338
104344
104312
104314
104321
104361
104385
104417
104403
104418
104429
104428
104454
104465
104493
104514
104507
104367
104379
104397
104437
104472
104506
104486
104478
104486
104520
104531
104549
104578
104640
104568
104439
104381
104342
104339
104326
104294
104288
104278
104264
104332
104156
104279
104399
104467
104460
104354
104243
104179
104188
104219
104236
104238
104244
104295
104321
104347
104344
104383
104429
