106043
106039
106075
105992
106066
106036
106054
106052
106040
106035
106055
106073
106078
106045
106046
106091
106139
106159
106081
106181
106177
106147
106116
106066
106023
106033
106029
106039
106022
106030
106018
106026
106051
106002
106030
106001
106014
106004
105993
106007
106000
106015
106051
106060
106080
106064
106079
106111
106087
106132
106119
106104
106125
106105
106111
106137
106123
106134
106139
106161
106160
106193
106227
106163
106236
106174
106105
106087
106080
106074
106079
106097
106100
106093
106094
106092
106083
106068
106037
106010
105987
105976
105985
106001
106024
106066
106102
106124
106124
106163
106155
106161
106193
106167
106159
106128
106153
106162
106130
106147
106150
106180
106195
106172
106202
106191
106223
106210
106192
106146
106113
106076
106043
106046
106061
106075
106064
106076
106056
106074
106055
106085
106076
106035
106063
106044
106029
106050
106069
106084
106085
106112
106129
106137
106166
106170
106177
106181
106185
106178
106192
106186
106196
106199
106180
106171
106194
106241
106253
106321
106363
106384
106455
106445
106349
106312
106287
106305
106328
106348
106330
106311
106295
106291
106326
106327
106296
106281
106230
106229
106217
106241
106241
106279
106249
106274
106265
106258
106291
106291
106286
106302
106305
106285
106312
106300
106283
106311
106297
106295
106300
106314
106308
106349
106342
106346
106342
106372
106266
106215
106221
106210
106176
106177
106182
106158
106156
106194
106191
106185
106178
106176
106223
106141
106168
106187
106251
106243
106234
106257
106250
106255
106262
106270
106272
106266
106287
106301
106280
106248
106263
106253
106289
106324
106305
106328
106350
106353
106369
106387
106416
106375
106415
106331
106319
106317
106309
106218
106209
106199
106215
106209
106201
106208
106178
106146
106146
106136
106147
106165
106196
106223
106242
106245
106286
106306
106337
106385
106386
106404
106397
106390
106389
106387
106370
106384
106363
106354
106359
106376
106364
106391
106414
106381
106331
106290
106266
106229
106240
106214
106215
106216
106198
106201
106214
106224
106237
106224
106235
106195
106202
106208
106277
106294
106333
106301
106319
106337
106321
106301
106324
106298
106306
106329
106341
106314
106340
106363
106390
106406
106413
106433
106436
106442
106454
106411
106432
106360
106338
106264
106267
106247
106268
106258
106271
106299
106270
106268
106303
106284
106271
106232
106248
106228
106219
106223
106256
106256
106310
106332
106361
106374
106377
106382
106364
106394
106393
106361
106372
106350
106358
106381
106356
106421
106424
106407
106468
106452
106459
106458
106426
106404
106329
106286
106291
106294
106310
106270
106302
106316
106310
106325
106342
106340
106318
106292
106280
106306
106298
106299
106291
106348
106295
106355
106378
106419
106412
106430
106418
106424
106382
106396
106386
106389
106398
106400
106382
106326
106411
106411
106434
106439
106414
106408
106359
106307
106310
106272
106276
106286
106266
106269
106193
106248
106277
106273
106259
106251
106239
106228
106239
106238
106242
106272
106325
106332
106348
106263
106391
106400
106385
106378
106358
106348
106353
106365
106387
106387
106402
106381
106416
106425
106353
106472
106433
106404
106355
106312
106276
106276
106245
106247
106253
106258
106282
106282
106282
106207
106290
106298
106279
106267
106285
106307
106315
106313
106340
106366
106397
106384
106396
106410
106336
106465
106450
106458
106444
106420
106455
106461
106482
106489
106491
106463
106496
106524
106527
106412
106505
106470
106457
106419
106387
106383
106389
106398
106414
106383
106371
106375
106408
106393
106316
106348
106320
106337
106356
106386
106399
106430
106459
106471
106475
106501
106504
106503
106491
106448
106512
106525
106518
106522
106549
106558
106564
106585
106581
106600
106584
106600
106609
106621
106530
106525
106476
106448
106486
106497
106502
106519
106521
106561
106634
106684
106721
106695
106641
106568
106603
106597
106628
106668
106708
106723
106729
106761
106789
106793
106774
106774
106770
106744
106709
106779
106766
106788
106799
106804
106808
106813
106839
106848
106832
106857
106841
106827
106783
106707
106722
106717
106740
106732
106733
106720
106697
106703
106706
106697
106639
106634
106601
106604
106576
106613
106600
106584
106604
106602
106584
106594
106586
106586
106578
106578
106588
106559
106572
106510
106552
106552
106580
106570
106568
106612
106609
106628
106619
106592
106569
106532
106486
106522
106445
106441
106437
106423
106392
106424
106405
106418
106408
106384
106386
106389
106368
106367
106414
106407
106466
106494
106504
106508
106500
106492
106509
106493
106502
106487
106501
106510
106475
106504
106470
106537
106541
106552
106550
106583
106597
106574
106569
106493
106448
106418
106405
106430
106467
106419
106388
106389
106401
106423
106447
106417
106399
106395
106390
106366
106359
106372
106376
106457
106424
106447
106458
106450
106463
106493
106466
106462
106475
106472
106464
106491
106484
106497
106530
106482
106534
106604
106600
106598
106610
106616
106564
106562
106514
106483
106482
106495
106485
106547
106478
106476
106473
106497
106526
106449
106441
106433
106439
106420
106473
106478
106472
106493
106529
106550
106564
106572
106599
106593
106597
106577
106564
106585
106581
106572
106600
106601
106598
106688
106636
106660
106704
106696
106665
106643
106614
106575
106535
106528
106524
106572
106553
106558
106540
106506
106527
106521
106497
106490
106488
106466
106459
106477
106469
106494
106528
106547
106522
106493
106553
106574
106580
106557
106556
106545
106562
106548
106571
106575
106597
106598
106595
106608
106542
106624
106650
106633
106662
106651
106606
106557
106577
106599
106628
106659
106669
106651
106629
106547
106665
106650
106653
106649
106674
106631
106664
106661
106667
106751
106740
106750
106749
106774
106709
106777
106792
106796
106801
106805
106817
106861
106853
106872
106868
106896
106914
106965
106957
106905
106955
106933
106886
106858
106820
106812
106811
106799
106784
106771
106770
106736
106754
106748
106644
106653
