97661
97661
97675
97661
97677
97676
97708
97725
97710
97749
97781
97846
97725
97713
97752
97751
97792
97811
97841
97849
97876
97888
97885
97919
97933
97936
97907
97838
97805
97773
97769
97725
97722
97669
97683
97709
97730
97771
97625
97633
97621
97624
97617
97630
97616
97640
97661
97664
97678
97711
97720
97714
97736
97783
97798
97818
97827
97858
97871
97925
97964
97982
98047
97828
97778
97735
97712
97676
97681
97654
97638
97596
97604
97618
97641
97669
97664
97656
97668
97665
97666
97676
97701
97729
97725
97758
97772
97870
97721
97714
97735
97709
97739
97769
97794
97813
97817
97824
97840
97860
97914
97869
97833
97790
97719
97692
97677
97649
97637
97619
97610
97595
97621
97494
97488
97503
97492
97490
97496
97485
97497
97519
97489
97537
97546
97554
97566
97599
97607
97618
97634
97640
97684
97705
97730
97747
97751
97788
97835
97709
97664
97607
97570
97513
97501
97459
97447
97404
97376
97387
97388
97399
97411
97419
97456
97453
97444
97448
97442
97459
97470
97502
97534
97559
97442
97475
97485
97497
97517
97543
97564
97562
97575
97582
97609
97668
97674
97703
97718
97738
97744
97702
97688
97619
97600
97566
97551
97528
97554
97381
97378
97386
97382
97387
97416
97431
97432
97431
97415
97414
97448
97463
97492
97508
97519
97528
97543
97558
97575
97608
97636
97660
97674
97714
97757
97625
97634
97670
97705
97699
97720
97756
97719
97657
97601
97572
97561
97528
97547
97537
97521
97527
97543
97554
97567
97575
97593
97601
97611
97652
97508
97535
97551
97546
97567
97618
97634
97650
97632
97641
97649
97694
97695
97760
97776
97787
97809
97831
97847
97874
97892
97887
97870
97837
97823
97588
97585
97562
97567
97559
97553
97568
97574
97606
97610
97641
97643
97693
97694
97678
97705
97742
97747
97768
97801
97817
97840
97824
97868
97883
97909
97801
97855
97882
97898
97912
97945
97966
97986
97999
98015
98000
97987
97917
97886
97881
97859
97827
97818
97791
97783
97776
97789
97774
97791
97801
97639
97678
97680
97681
97672
97693
97696
97735
97746
97750
97772
97798
97794
97840
97882
97890
97912
97922
97902
97954
97985
97979
97976
97986
98013
97815
97772
97715
97660
97651
97618
97601
97579
97583
97571
97528
97553
97540
97568
97570
97572
97580
97565
97576
97573
97592
97610
97650
97647
97665
97665
97579
97591
97600
97634
97662
97661
97698
97730
97773
97800
97842
97864
97888
97872
97868
97790
97733
97693
97684
97670
97649
97621
97617
97607
97635
97565
97572
97590
97586
97574
97580
97580
97574
97600
97614
97642
97641
97675
97693
97717
97736
97751
97794
97830
97829
97817
97827
97836
97892
97923
97774
97812
97846
97858
97814
97764
97717
97698
97684
97638
97599
97584
97590
97580
97595
97605
97644
97675
97685
97704
97687
97708
97718
97761
97811
97793
97649
97670
97708
97716
97730
97759
97760
97791
97848
97858
97889
97906
97925
97935
97930
97939
97953
97940
97902
97847
97792
97759
97731
97730
97746
97578
97572
97586
97588
97605
97596
97610
97594
97588
97614
97624
97637
97667
97683
97690
97710
97724
97750
97760
97770
97809
97861
97922
97959
98013
97907
97924
97962
97973
97971
97985
97942
97896
97848
97838
97794
97801
97781
97800
97774
97752
97734
97744
97749
97785
97782
97784
97808
97821
97826
97831
97700
97732
97755
97775
97798
97836
97858
97883
97882
97912
97910
97934
97957
97994
98011
98026
98047
98052
98085
98112
98096
98021
97947
97914
97897
97686
97667
97653
97650
97657
97622
97662
97683
97695
97694
97704
97721
97735
97766
97788
97809
97795
97824
97828
97838
97861
97899
97874
97892
97959
97852
97893
97898
97940
97965
98007
98024
98045
98072
98081
98057
98008
97928
97865
97850
97839
97812
97771
97734
97733
97747
97756
97744
97798
97778
97782
97654
97689
97671
97696
97687
97706
97738
97751
97782
97804
97805
97836
97874
97915
97923
97933
97944
97991
98022
98058
98087
98143
98167
98195
98220
97994
97935
97880
97838
97785
97744
97703
97675
97683
97672
97660
97691
97713
97749
97768
97793
97809
97809
97836
97851
97863
97863
97898
97908
97940
97792
97780
97823
97840
97868
97870
97858
97879
97907
97902
97895
97917
97924
97956
97977
97971
97896
97852
97797
97776
97762
97761
97742
97727
97725
97755
97634
97650
97649
97641
97626
97641
97620
97609
97613
97613
97631
97638
97670
97675
97672
97720
97722
97732
97745
97754
97735
97753
97754
97792
97839
97691
97720
97746
97707
97663
97613
97576
97529
97492
97470
97466
97460
97448
97424
97458
97453
97471
97516
97498
97499
97497
97489
97511
97546
97591
97612
97474
97516
97514
97534
97541
97514
97568
97581
97662
97679
97683
97711
97729
97756
97763
97831
97838
97856
97865
97813
97729
97656
97582
97529
97566
97357
97350
97308
97298
97315
97351
97373
97366
97389
97359
97365
97368
97372
97413
97405
97435
97451
97450
97471
97464
97483
97526
97521
97572
97672
97515
97553
97578
97587
97628
97652
97650
97667
97675
97642
97532
97462
97409
97382
97314
97302
97265
97269
97262
97241
97253
97265
97267
97288
97299
97304
97130
97136
97140
97166
97144
97145
97172
97187
97218
97212
97223
97202
97210
97230
97271
97282
97336
97362
97368
97426
97497
97539
97566
97594
97627
97290
97235
97187
97146
97105
97094
97057
97031
97043
97030
97053
97059
97068
97061
97048
97038
97078
97098
97077
97100
97133
97132
97165
97195
97265
97144
97132
97145
97180
97208
97249
97260
97267
97282
97318
97333
97368
97372
97397
97390
97349
97273
97214
97154
97122
97116
97136
97143
97132
97136
97212
97053
97064
97068
97064
97067
97049
97058
97038
97064
97083
97075
97087
97113
97134
97129
97145
97172
97190
97245
97254
97280
97303
97335
97341
97370
97316
97341
97344
97333
97280
97189
97108
97037
96990
96995
96964
96927
96892
96882
96861
96853
96857
96886
96879
96867
96886
96885
96898
96931
96978
96866
96880
96900
96917
96949
96987
97009
96994
96990
97012
97051
97035
97086
97139
97164
97197
97246
97289
97264
97280
97210
97119
97052
96971
96946
96945
96709
96687
96680
96679
96706
96744
96770
96769
96792
96786
96805
96842
96848
96856
96873
96939
96958
96926
96971
96967
96995
97004
97024
97041
97114
97028
97091
97139
97191
97188
97188
97185
97142
97062
96980
96932
96918
96907
96830
96822
96791
96810
96819
96825
96856
96873
96884
96893
96875
96908
96814
96824
96848
96836
96847
96849
96857
96869
96882
96912
96948
96960
97004
97018
97084
97120
97118
97161
97151
97152
97139
97073
97009
96985
96945
96955
96795
96784
96789
96780
96794
96799
96823
96838
