108819
108811
108829
108745
108676
108672
108652
108639
108620
108549
108509
108510
108491
108518
108495
108516
108508
108532
108524
108538
108524
108534
108568
108529
108539
108560
108560
108582
108580
108595
108609
108651
108664
108676
108702
108703
108718
108799
108760
108750
108776
108773
108764
108737
108676
108657
108629
108602
108579
108550
108502
108474
108521
108496
108476
108474
108474
108452
108459
108473
108469
108486
108497
108501
108537
108544
108555
108613
108612
108637
108664
108670
108714
108684
108709
108730
108759
108760
108779
108779
108771
108737
108724
108645
108583
108551
108484
108473
108420
108416
108426
108430
108407
108389
108379
108352
108364
108355
108372
108400
108406
108436
108440
108429
108436
108474
108479
108488
108508
108536
108551
108580
108563
108618
108650
108641
108685
108702
108729
108686
108688
108604
108619
108583
108543
108493
108436
108386
108347
108333
108325
108311
108341
108326
108329
108341
108333
108325
108330
108311
108310
108295
108246
108350
108366
108415
108406
108428
108427
108459
108491
108481
108484
108490
108481
108496
108517
108496
108598
108614
108619
108573
108486
108474
108456
108398
108333
108329
108262
108233
108211
108214
108136
108223
108233
108240
108220
108235
108244
108243
108240
108276
108257
108313
108329
108333
108361
108272
108416
108427
108465
108488
108479
108513
108512
108546
108542
108527
108532
108583
108576
108600
108538
108487
108450
108441
108407
108344
108346
108332
108283
108278
108298
108281
108265
108286
108270
108214
108274
108285
108301
108317
108325
108324
108356
108344
108361
108393
108422
108407
108417
108406
108414
108453
108470
108521
108523
108563
108577
108566
108567
108544
108509
108465
108447
108427
108421
108371
108311
108290
108266
108249
108270
108296
108276
108278
108263
108294
108312
108329
108347
108371
108375
108428
108414
108455
108452
108483
108506
108523
108542
108567
108572
108592
108601
108599
108593
108610
108670
108682
108689
108697
108649
108602
108598
108550
108571
108545
108472
108464
108419
108456
108406
108401
108375
108400
108375
108373
108355
108383
108380
108374
108385
108405
108393
108375
108458
108377
108425
108459
108469
108541
108557
108565
108573
108591
108615
108629
108613
108660
108641
108742
108703
108763
108749
108733
108715
108701
108679
108638
108619
108567
108504
108497
108492
108475
108490
108500
108500
108493
108486
108488
108499
108522
108531
108527
108510
108536
108533
108553
108570
108566
108567
108573
108588
108606
108555
108616
108630
108636
108664
108670
108706
108735
108768
108768
108785
108713
108704
108686
108654
108626
108594
108564
108532
108509
108509
108508
108513
108490
108524
108476
108502
108530
108513
108509
108518
108526
108520
108543
108554
108567
108600
108597
108577
108585
108524
108659
108658
108686
108694
108710
108680
108711
108713
108733
108767
108740
108694
108665
108601
108542
108550
108491
108475
108453
108452
108434
108431
108425
108405
108404
108407
108398
108436
108442
108382
108502
108488
108518
108474
108487
108512
108526
108532
108546
108550
108560
108579
108585
108625
108524
108695
108737
108731
108762
108762
108743
108736
108688
108634
108620
108594
108597
108525
108492
108386
108380
108377
108403
108407
108413
108401
108381
108385
108382
108377
108386
108403
108440
108428
108455
108516
108500
108504
108494
108510
108537
108537
108540
108553
108575
108601
108602
108600
108625
108602
108671
108685
108687
108650
108615
108593
108598
108549
108524
108509
108460
108440
108408
108349
108386
108459
108447
108468
108454
108445
108420
108391
108352
108334
108345
108351
108354
108361
108378
108344
108406
108411
108419
108427
108460
108451
108460
108493
108502
108501
108531
108558
108545
108594
108499
108424
108393
108362
108332
108330
108271
108230
108185
108167
108145
108151
108138
108101
108129
108070
108108
108119
108100
108100
108111
108115
108143
108121
108164
108182
108206
108265
108278
108344
108321
108368
108373
108395
108388
108423
108395
108407
108415
108383
108421
108410
108374
108313
108324
108240
108166
108132
108074
108030
107987
107962
107987
107999
107994
107984
108001
107970
107951
107987
107918
107926
107918
107975
107981
107984
108000
108006
108031
108021
108060
108073
108076
108078
108099
108097
108101
108128
108148
108192
108212
108225
108233
108228
108195
108200
108214
108156
108142
108118
108039
108016
107971
107986
107979
107970
107996
107988
107994
107967
107975
107976
107976
107999
108000
108036
108056
108073
108084
108113
108134
108164
108205
108209
108229
108214
108206
108267
108277
108286
108352
108373
108357
108369
108381
108316
108263
108264
108236
108221
108161
108133
108127
108041
107966
107983
107980
107975
107984
107994
108002
108011
108042
108064
108068
108087
108096
108103
108087
108048
108105
108080
108084
108108
108130
108171
108199
108219
108195
108211
108248
108263
108306
108327
108324
108431
108464
108417
108362
108331
108286
108259
108221
108202
108180
108165
108135
108122
108117
107983
108073
108000
107984
107957
107993
108033
108027
108017
108020
108027
108061
108045
108067
108029
107988
108074
108075
108094
108141
108184
108176
108208
108212
108224
108226
108234
108216
108274
108283
108237
108248
108205
108177
108126
108079
108054
108008
107991
107961
107940
107892
107900
107940
107944
107921
107955
107976
107954
107965
107980
108003
108031
107996
108027
108018
108042
108031
108051
108086
108057
108144
108115
108141
108178
108215
108243
108251
108271
108311
108315
108296
108265
108237
108223
108141
108109
108047
108004
107965
107937
107932
107905
107900
107897
107883
107877
107884
107876
107914
107942
108058
108053
108040
108065
108037
108047
108066
108095
108079
108102
108099
108117
108148
108183
108141
108169
108167
108200
108200
108257
108260
108228
108185
108183
108108
108092
108029
107977
107996
107918
107861
107866
107858
107857
107857
107803
107805
107809
107833
107846
107850
107840
107834
107890
107824
107846
107847
107874
107888
107900
107940
107969
107978
107979
107980
107967
108004
108021
108101
108086
108102
108039
108005
107961
107908
107908
107844
107796
107731
107671
107649
107605
107610
107656
107627
107631
107641
107660
107674
107677
107685
107706
107700
107706
107676
107688
107711
107699
107741
107761
107774
107788
107829
107858
107849
107874
107884
107922
107926
107913
107903
107842
107812
107759
107707
107697
107639
107620
107576
107565
107561
107577
107571
107567
107546
107557
107520
107536
107498
107573
107585
107613
107614
