102342
102343
102318
102317
102361
102394
102441
102477
102503
102531
102582
102631
102681
102739
102793
102842
102864
102896
102919
102964
103021
103110
103165
103174
102885
102676
102456
102335
102317
102263
102289
102244
102265
102278
102274
102288
102338
102333
102320
102279
102282
102300
102351
102414
102444
102447
102498
102549
102647
102697
102727
102760
102819
102851
102906
102947
102950
102983
103025
103062
103150
103196
103215
103067
102874
102648
102517
102427
102428
102455
102472
102478
102444
102427
102414
102497
102468
102469
102488
102504
102531
102536
102566
102590
102645
102682
102720
102756
102820
102871
102919
102989
103004
102993
103028
103075
103153
103207
103267
103301
103393
103318
103114
102919
102727
102665
102658
102678
102727
102774
102795
102811
102845
102897
102930
102945
102950
102916
102866
102909
102952
103011
103076
103129
103191
103199
103201
103232
103283
103286
103301
103346
103364
103382
103430
103454
103511
103471
103322
103157
103031
102979
102950
102952
102959
102981
102972
102984
103008
102982
102923
102890
102882
102891
102946
102967
103004
103041
103063
103105
103168
103242
103280
103338
103393
103436
103460
103469
103493
103497
103535
103462
103280
103067
102917
102759
102787
102817
102845
102836
102831
102840
102900
102924
102926
102896
102870
102852
102849
102858
102882
102917
102973
103028
103102
103164
103230
103293
103305
103352
103402
103417
103431
103408
103361
103169
102956
102723
102598
102516
102488
102487
102431
102398
102394
102404
102429
102460
102471
102441
102445
102447
102474
102485
102507
102580
102631
102669
102735
102795
102860
102919
102989
103030
103105
103172
103209
103266
103296
103352
103346
103198
103002
102790
102669
102585
102534
102554
102510
102479
102448
102378
102483
102451
102451
102412
102411
102412
102442
102483
102541
102597
102620
102669
102728
102781
102854
102909
102964
102995
103020
103047
103059
103086
103093
103110
103151
103260
103282
103256
103103
102881
102686
102567
102514
102504
102514
102477
102469
102435
102407
102431
102465
102505
102492
102486
102486
102508
102545
102576
102625
102703
102677
102714
102735
102729
102801
102830
102874
102904
102927
102953
102999
103025
103074
103098
103126
103182
103192
103244
103244
103315
103328
103321
103155
102961
102760
102606
102562
102582
102563
102572
102566
102587
102601
102615
102621
102599
102590
102573
102621
102662
102693
102751
102787
102803
102838
102874
102946
102976
103000
103051
103031
103138
103178
103204
103235
103279
103291
103327
103379
103395
103444
103483
103544
103580
103583
103488
103274
103092
102940
102838
102824
102828
102831
102862
102866
102902
102924
102969
102960
102965
102977
103017
103003
102995
103030
103070
103136
103178
103221
103284
103316
103353
103393
103449
103492
103524
103543
103570
103609
103651
103719
103831
103870
103913
103963
104024
104049
103926
103701
103510
103368
103307
103281
103288
103263
103265
103244
103235
103270
103300
103314
103309
103304
103306
103307
103325
103289
103456
103494
103546
103571
103617
103643
103692
103717
103764
103751
103712
103754
103777
103803
103837
103902
103917
103955
104023
104088
104185
104142
103945
103724
103522
103394
103373
103363
103408
103419
103450
103472
103510
103520
103501
103488
103449
103442
103447
103471
103515
103533
103565
103612
103669
103720
103741
103789
103807
103897
103919
103951
103965
103989
104032
104044
104124
104177
104259
104315
104256
104092
103898
103709
103616
103568
103547
103557
103555
103568
103569
103590
103619
103640
103647
103627
103630
103649
103676
103716
103766
103815
103841
103905
103932
103978
104014
104043
104075
104119
104141
104192
104199
104239
104239
104257
104327
104323
104288
104153
103917
103745
103702
103711
103699
103683
103669
103681
103700
103749
103782
103761
103724
103715
103679
103698
103742
103759
103795
103821
103871
103893
103906
103944
103956
104027
104058
104071
104069
104060
104066
104090
104137
104212
104223
104165
103997
103819
103691
103636
103624
103624
103634
103610
103576
103601
103609
103647
103640
103637
103664
103651
103658
103688
103731
103747
103787
103808
103838
103843
103823
103873
103910
103934
103935
103943
103963
104015
104042
104086
104110
104099
104041
103889
103720
103572
103460
103489
103488
103496
103491
103477
103513
103548
103551
103527
103514
103513
103549
103591
103558
103559
103620
103643
103692
103738
103775
103786
103808
103871
103901
103890
103919
103937
103994
103993
104044
104082
104087
103990
103849
103703
103611
103557
103543
103546
103553
103531
103539
103526
103567
103547
103552
103538
103507
103501
103562
103543
103606
103631
103682
103730
103757
103801
103844
103841
103893
103923
103941
103947
103957
103996
104020
104069
104110
104165
104200
104199
104120
103951
103785
103700
103579
103586
103578
103564
103549
103555
103566
103584
103586
103571
103562
103555
103557
103583
103601
103656
103704
103736
103773
103800
103824
103872
103890
103930
103958
103940
104054
104067
104100
104125
104201
104208
104247
104272
104220
104119
103938
103790
103709
103658
103649
103623
103601
103608
103591
103589
103606
103619
103638
103610
103610
103587
103610
103613
103645
103679
103695
103711
103745
103813
103823
103861
103882
103938
103958
103973
103990
104026
104031
104076
104104
104172
104239
104258
104184
104097
103733
103673
103654
103610
103619
103632
103620
103611
103636
103648
103651
103632
103636
103608
103633
103631
103638
103664
103687
103731
103768
103796
103815
103843
103879
103864
103963
104000
104026
104036
104075
104097
104141
104167
104204
104246
104291
104218
104113
103926
103748
103657
103582
103600
103600
103592
103581
103545
103544
103550
103564
103548
103536
103517
103521
103549
103569
103603
103628
103677
103702
103747
103757
103801
103820
103844
103921
103936
103964
103977
103987
104020
104074
104105
104124
104214
104206
104139
104013
103787
103664
103583
103560
103566
103566
103553
103526
103522
103513
103542
103543
103527
103498
103494
103490
103510
103530
103569
103618
103659
103655
103657
103734
103756
103782
103811
103852
103896
103930
103969
103996
104027
104077
104089
104145
104170
104196
104162
104022
103854
103718
103612
103571
103543
103529
103515
103460
103495
103532
103527
103568
103526
103561
103541
103569
103584
103625
103635
103670
103686
103733
103764
103776
103821
103873
103881
103897
103934
103950
103966
103997
104083
104077
104105
104161
104207
104229
104168
104005
103815
103667
103583
103561
103547
103535
103540
103534
103531
103548
103586
103580
103594
103585
103577
103586
103602
103632
103592
103672
103692
103719
103725
103729
103731
103754
103773
103828
103870
103903
103964
104031
104097
104193
104234
104281
104350
104392
104410
104342
104198
