103407
103440
103443
103427
103419
103417
103416
103409
103412
103456
103518
103543
103585
103606
103608
103647
103693
103719
103766
103815
103848
103885
103905
103943
103981
104043
104097
104140
104178
104155
104176
104238
104169
104029
103853
103717
103676
103656
103636
103641
103664
103566
103570
103594
103633
103685
103691
103714
103702
103694
103699
103702
103726
103743
103781
103750
103837
103830
103830
103851
103868
103930
103951
103953
103996
103978
104006
104018
104023
104059
104028
104162
104159
104178
104156
104059
103866
103723
103628
103590
103575
103556
103592
103547
103531
103401
103540
103596
103583
103580
103570
103601
103627
103638
103671
103678
103717
103729
103768
103784
103762
103940
103988
104019
104060
104114
104117
104165
104183
104216
104245
104271
104309
104345
104320
104167
103947
103833
103765
103773
103804
103826
103791
103764
103717
103718
103747
103776
103807
103810
103686
103734
103701
103722
103749
103775
103784
103806
103830
103833
103846
103851
103883
103920
103930
103890
104019
104042
104052
104090
104102
104115
104125
104124
104153
104110
103983
103787
103556
103437
103365
103479
103454
103391
103333
103282
103278
103339
103434
103447
103367
103310
103218
103170
103154
103130
103212
103244
103254
103320
103369
103426
103505
103583
103688
103763
103814
103815
103873
103916
103927
104018
104028
104069
104076
104120
104084
103992
103826
103615
103504
103477
103454
103453
103410
103348
103497
103638
103738
103867
103919
103985
103945
103919
103905
103892
103882
103883
103920
103938
103976
104064
104089
104143
104164
104189
104235
104241
104308
104348
104396
104442
104479
104516
104558
104583
104609
104527
104407
104276
104220
104152
104185
104181
104173
104144
104133
104080
104105
104140
104142
104108
104064
104054
104072
104097
104099
104155
104211
104238
104242
104221
104219
104248
104277
104239
104285
104299
104306
104335
104375
104338
104396
104443
104437
104350
104225
104097
104019
104047
104018
104057
104083
104034
104040
104068
104095
104107
104128
104125
104117
104096
104119
104134
104219
104210
104248
104271
104263
104279
104312
104325
104329
104316
104362
104415
104456
104465
104424
104464
104412
104391
104388
104305
104220
104125
104139
104213
104299
104372
104390
104389
104295
104247
104247
104329
104325
104322
104316
104366
104401
104409
104406
104416
104444
104441
104407
104375
104368
104360
104323
104324
104340
104335
104310
104333
104328
104352
104361
104333
104350
104355
104352
104331
104308
104095
104010
104000
103983
103987
103979
103953
103902
103909
103891
103906
103933
103978
103996
103983
103997
104003
103984
104044
104063
104100
104111
104125
104149
104134
104169
104175
104206
104228
104219
104339
104314
104352
104335
104370
104394
104417
104460
104465
104397
104267
104114
104061
103975
103903
104013
103985
103958
103913
103942
103948
103942
103958
103928
103929
103930
103954
103962
103983
103959
104043
104067
104098
104096
104119
104135
104158
104175
104233
104238
104252
104331
104398
104412
104282
104340
104288
104183
104030
103899
103867
103872
103887
103905
103908
103925
103915
103886
103937
103921
104149
104174
104194
104232
104245
104308
104347
104402
104425
104498
104498
104537
104541
104621
104587
104704
104712
104721
104776
104764
104784
104767
104790
104823
104806
104832
104811
104757
104621
104390
104179
104159
104165
104199
104154
104133
104133
104137
104152
104202
104272
104311
104352
104373
104351
104440
104438
104458
104503
104515
104546
104518
104526
104529
104566
104616
104638
104669
104707
104748
104812
104835
104863
104914
104948
105019
105047
105106
105156
105151
105031
104878
104702
104577
104538
104507
104475
104424
104398
104329
104376
104398
104452
104452
104489
104456
104447
104420
104445
104426
104458
104443
104480
104499
104498
104503
104509
104521
104544
104565
104618
104645
104666
104697
104699
104733
104748
104817
104857
104854
104826
104727
104585
104408
104308
104283
104313
104346
104338
104336
104326
104371
104404
104422
104444
104490
104470
104482
104505
104523
104536
104540
104563
104650
104637
104695
104714
104724
104744
104753
104813
104793
104844
104885
104925
104940
104946
104978
105023
104971
104688
104515
104398
104332
104334
104311
104295
104255
104201
104180
104221
104268
104263
104336
104297
104313
104341
104348
104317
104376
104389
104385
104426
104419
104416
104423
104427
104438
104444
104441
104457
104492
104500
104539
104554
104597
104597
104597
104553
104420
104203
104002
103848
103758
103743
103733
103716
103680
103605
103618
103650
103692
103786
103817
103798
103759
103779
103796
103842
103937
103948
103962
104011
104019
104032
104036
104042
104066
104107
104142
104179
104200
104213
104201
104256
104289
104348
104378
104380
104361
104289
104062
103823
103669
103576
103580
103565
103572
103524
103499
103472
103540
103570
103605
103614
103611
103615
103619
103604
103628
103681
103735
103762
103680
103754
103776
103799
103770
103820
103796
103808
103788
103769
103751
103753
103731
103700
103747
103714
103824
103853
103845
103877
103761
103587
103330
103140
103066
103040
103063
103102
103094
103078
102966
103103
103130
103153
103203
103205
103233
103226
103242
103237
103236
103281
103347
103366
103375
103228
103355
103395
103472
103472
103487
103500
103536
103557
103624
103673
103722
103776
103821
103817
103670
103393
103254
103190
103156
103181
103207
103225
103187
103143
103159
103220
103313
103327
103346
103331
103447
103424
103446
103463
103506
103508
103581
103575
103602
103586
103600
103643
103661
103661
103643
103773
103808
103821
103825
103845
103886
103878
103769
103560
103388
103253
103209
103163
103183
103139
103120
103105
103138
103241
103280
103363
103399
103418
103420
103416
103419
103485
103540
103585
103622
103687
103715
103752
103782
103761
103815
103833
103876
103926
103989
104002
104047
104086
104151
104166
104302
104298
104189
104010
103825
103711
103666
103619
103654
103647
103577
103527
103509
103530
103587
103777
103809
103790
103800
103808
103854
103884
103944
103996
